1 78.388 0.7732277619695658 0.8779939594015593 0.8222872742821432100
2 79.56 0.785274531976379 0.8807779030439684 0.8302889405513119100
3 79.84 0.7863613487669854 0.8837669683257918 0.8322237017310253100
4 80.24 0.7970413823885736 0.8767622922073367 0.8350033400133601100
5 80.404 0.8018988965871183 0.8734539864439941 0.8361483661660924100
6 80.548 0.8033419023136247 0.8739425295392576 0.8371563473194255100
7 80.408 0.797804442175134 0.8784258608573436 0.8361763328650746100
8 80.428 0.7971430393469804 0.8795384182381086 0.8363161944267888100
9 80.336 0.7951148145792253 0.8805917576611483 0.8356732183446984100
10 80.424 0.7964319847085058 0.8803436861750827 0.8362882183715795100
11 80.336 0.7944073721004131 0.8814611099358296 0.8356732183446985100
12 80.452 0.7963305090144613 0.8809020436927414 0.8364840900726068100
13 80.524 0.7984159427695452 0.8794765355660311 0.836988181726874100
14 80.572 0.7988241308793456 0.8797241185164333 0.8373245805003852100
15 80.544 0.7987220447284346 0.8794146616012383 0.8371283150281276100
16 80.592 0.799130545965989 0.8796622097114708 0.8374648264772879100
17 80.568 0.7993349533188387 0.8790436005625879 0.8372965369415233100
18 80.632 0.8023621541819116 0.8763934656103204 0.83774545941961100
19 80.67999999999999 0.8031870461993189 0.8761477535571599 0.8380824673147839100
20 80.66 0.8002560819462228 0.8793527963418923 0.8379420144126025100
21 80.64 0.8010253123998718 0.8781173164734809 0.8378016085790885100
22 80.672 0.8011279882073961 0.8784875957551479 0.8380262805041566100
23 80.704 0.803032249775151 0.8767007995511292 0.8382510729613735100
24 80.74799999999999 0.8040136360712677 0.8762091686527408 0.8385603595746822100
25 80.708 0.8030838419530999 0.8767007995511292 0.8382791804982732100
26 80.808 0.8052567158410101 0.8756567425569177 0.8389824820457749100
28 80.716 0.8052567158410101 0.8742481465939292 0.8383354012273231100
29 80.768 0.805620005155968 0.8746151693254968 0.8387010198604401100
30 80.728 0.8055161747647893 0.8741258741258742 0.8384197464618688100
31 80.74799999999999 0.8060355945318545 0.8738203425375742 0.8385603595746822100
32 80.784 0.8068159814109598 0.8734539864439941 0.8388135820695208100
33 80.744 0.8060875733539692 0.8736981896973509 0.8385322331790434100
34 80.788 0.8065036453964772 0.8738814317673378 0.8388417273428849100
35 80.836 0.80702433985409 0.8740036358551252 0.8391796180054378100
36 80.80000000000001 0.8073370793773816 0.8730879374170566 0.8389261744966442100
37 80.764 0.8067118425298483 0.8732709235713287 0.8386728840283135100
38 80.82000000000001 0.8074935400516796 0.8732099196646874 0.839066957543212100
39 80.804 0.8070764462809917 0.8734539864439941 0.8389543273264204100
40 80.784 0.8066077305284893 0.8736981896973509 0.8388135820695208100
41 80.73599999999999 0.8058796982786409 0.8738203425375742 0.8384759860477595100
42 80.73599999999999 0.8060355945318545 0.87363712608331 0.8384759860477596100
43 80.72399999999999 0.8059836224127925 0.8735150244584207 0.8383916294979711100
44 80.712 0.8060355945318545 0.8732709235713287 0.8383072899201931100
45 80.712 0.806295555698897 0.872965989245059 0.8383072899201931100
46 80.72399999999999 0.8071285594369472 0.8721741557354172 0.8383916294979711100
47 80.72399999999999 0.8072328059412335 0.8720524626761545 0.8383916294979711100
48 80.708 0.8069201471822348 0.8721741557354172 0.8382791804982732100
49 80.716 0.8067639086097844 0.8724785370279892 0.838335401227323100
50 80.704 0.8072849392921726 0.8716875871687587 0.8382510729613736100
51 80.66 0.8072849392921726 0.8710194411539266 0.8379420144126026100
52 80.67999999999999 0.8075978808631606 0.870958751393534 0.8380824673147838100
53 80.712 0.8079632861482774 0.8710194411539266 0.8383072899201932100
54 80.73599999999999 0.808381297290306 0.8708980700898766 0.8384759860477596100
55 80.756 0.8084858676670332 0.8710801393728222 0.8386166180269028100
56 80.76 0.8085381630012937 0.8710801393728222 0.8386447500838644100
57 80.76 0.808381297290306 0.8712622847982157 0.8386447500838644100
58 80.74 0.8079632861482774 0.8714445064138315 0.8385041086701325100
59 80.752 0.8079110651499483 0.8716875871687587 0.8385884878572387100
60 80.728 0.8076500613814047 0.8716268042674848 0.8384197464618687100
61 80.728 0.8067639086097844 0.8726612678022898 0.8384197464618687100
62 80.72399999999999 0.8066077305284893 0.872783130847647 0.8383916294979711100
63 80.712 0.8067639086097844 0.8724176437744277 0.8383072899201932100
64 80.728 0.8065036453964772 0.872965989245059 0.8384197464618687100
65 80.74799999999999 0.8063475680557347 0.8734539864439941 0.8385603595746822100
66 79.34 0.8917742740957408 0.7740896705474363 0.828775070445881100
67 80.74799999999999 0.8059316569954867 0.8739425295392576 0.8385603595746821100
68 80.708 0.8058796982786409 0.873392956959195 0.8382791804982731100
69 80.728 0.8065036453964772 0.872965989245059 0.8384197464618687100
70 80.732 0.8064516129032258 0.8730879374170566 0.8384478653117349100
71 80.688 0.8055680866146807 0.8734539864439941 0.838138661660185100
72 80.688 0.8057758009411461 0.8732099196646874 0.838138661660185100
73 80.664 0.8052567158410101 0.8734539864439941 0.8379701012267882100
75 80.668 0.8049974240082431 0.8738203425375742 0.8379981899239097100
76 80.67999999999999 0.80510112070076 0.8738814317673378 0.8380824673147838100
77 80.67999999999999 0.8051529790660226 0.8738203425375742 0.8380824673147838100
78 80.672 0.8052567158410101 0.873576071004263 0.8380262805041565100
79 80.704 0.8060355945318545 0.8731489242805253 0.8382510729613734100
80 80.684 0.8054123711340206 0.873576071004263 0.8381105635455429100
81 80.692 0.8053085942533179 0.8738203425375742 0.8381667616588997100
82 80.684 0.8052567158410101 0.8737592618481755 0.8381105635455428100
83 78.732 0.9044208089139715 0.7577594568380214 0.8246198502490353100
84 80.74799999999999 0.8053604793505573 0.8746151693254968 0.8385603595746822100
85 80.73599999999999 0.8052048441123422 0.8746151693254968 0.8384759860477595100
86 80.728 0.8052567158410101 0.8744316194473593 0.8384197464618688100
87 80.716 0.8052048441123422 0.8743092956564315 0.838335401227323100
88 80.708 0.8053085942533179 0.8740647507167331 0.8382791804982731100
89 80.72 0.8052567158410101 0.8743092956564315 0.8383635144198526100
90 80.74 0.8053085942533179 0.8745539774714896 0.8385041086701326100
91 80.74799999999999 0.805620005155968 0.8743092956564315 0.8385603595746822100
92 80.76 0.8057238623179064 0.8743704532736429 0.8386447500838645100
93 80.73599999999999 0.8054642696050003 0.8743092956564315 0.8384759860477596100
94 80.756 0.8058277462609592 0.8741870060843415 0.8386166180269028100
95 80.768 0.8058796982786409 0.8743092956564315 0.8387010198604402100
96 80.768 0.8058796982786409 0.8743092956564315 0.8387010198604402100
97 80.756 0.8058796982786409 0.8741258741258742 0.8386166180269028100
98 80.772 0.8059836224127925 0.8742481465939292 0.8387291575804341100
99 80.74 0.8043758043758044 0.8756567425569177 0.8385041086701325100
100 80.728 0.8042205494434794 0.8756567425569177 0.8384197464618688100
