1 78.684 0.7770732313813253 0.8776240960471811 0.8242935804015958100
2 79.65599999999999 0.7854225573358466 0.8820831275139369 0.8309512730173503100
3 79.916 0.7854225573358466 0.8861477385509712 0.8327504080477100
4 80.324 0.799130545965989 0.8755340757862295 0.83558942478024100
5 80.56400000000001 0.8012306903403628 0.8767007995511292 0.8372684952610604100
6 80.716 0.8030838419530999 0.8768237934904601 0.838335401227323100
7 80.55600000000001 0.7980591202196259 0.8804056909423863 0.8372124175345769100
8 80.632 0.7984669434685404 0.8810883202932261 0.83774545941961100
9 80.49199999999999 0.7953171724883884 0.882768361581921 0.8367640660039495100
10 80.5 0.7951148145792253 0.8831425745372333 0.8368200836820086100
11 80.516 0.7951148145792253 0.8833922261484098 0.8369321415419637100
12 80.604 0.7961783439490446 0.883454661106792 0.8375489966163021100
13 80.64 0.7973972952283745 0.882519062411748 0.8378016085790885100
14 80.66 0.7984159427695452 0.8815854432611608 0.8379420144126026100
15 80.676 0.7979062938848461 0.8824567596187787 0.8380543729677181100
16 80.768 0.7984669434685404 0.8832049742104148 0.8387010198604402100
17 80.824 0.8013847929221695 0.8805297266835729 0.8390951198227832100
18 80.896 0.8026197508668294 0.8801577242641881 0.8396023643202579100
19 80.896 0.8034451729014012 0.8791672527781685 0.839602364320258100
20 80.84400000000001 0.8005635967721276 0.8818342151675485 0.8392359595823962100
21 80.876 0.8031354407607298 0.8792290919321939 0.839461401564756100
22 80.892 0.8031870461993189 0.8794146616012383 0.8395741679819995100
23 80.848 0.8020532563362207 0.8800957544180806 0.8392641332080032100
24 80.884 0.8039102193067078 0.8784258608573436 0.8395177809866012100
25 80.904 0.8037034655693436 0.8789817874973631 0.8396587626788473100
26 80.94 0.8048937540244687 0.8781173164734809 0.8399126490844951100
27 80.94399999999999 0.8049974240082431 0.8780556336049452 0.8399408681628814100
28 80.912 0.804634695848085 0.8779939594015593 0.8397151686148059100
29 80.916 0.8048937540244687 0.8777473492030055 0.8397433744247758100
30 80.93599999999999 0.8057238623179064 0.8770698849284311 0.8398844319021702100
31 80.904 0.8054642696050003 0.876885303402315 0.8396587626788473100
32 80.93599999999999 0.8063995871234114 0.8762705923589205 0.8398844319021702100
33 80.94399999999999 0.8065036453964772 0.8762705923589205 0.8399408681628813100
34 80.93599999999999 0.8067118425298483 0.875902179244622 0.8398844319021703100
35 80.93599999999999 0.8062435500515995 0.8764549151591642 0.8398844319021702100
36 80.916 0.8066597831698503 0.8756567425569177 0.8397433744247759100
37 80.908 0.8060875733539692 0.8762091686527408 0.8396869646995601100
38 80.89999999999999 0.8066597831698503 0.8754114433783878 0.839630562552477100
39 80.92 0.8066597831698503 0.875718088832843 0.8397715821296606100
40 81.04 0.8114248620577734 0.8719916288803627 0.8406186953597847100
41 80.864 0.8058796982786409 0.8757794437048974 0.8393768466290625100
42 80.896 0.8061915511125444 0.875902179244622 0.8396023643202579100
43 80.99199999999999 0.811108948153916 0.8716268042674848 0.8402796450658779100
44 80.96 0.8106355382619974 0.8716875871687587 0.8400537634408602100
45 80.996 0.8113721926522134 0.8713837574067619 0.8403078888104601100
46 80.872 0.8064516129032258 0.875227559165383 0.839433214693439100
47 80.996 0.8120046771469404 0.8706554294072578 0.8403078888104601100
48 80.864 0.8067118425298483 0.8747987962768563 0.8393768466290625100
49 80.856 0.8067639086097844 0.8746151693254968 0.8393204861344256100
50 80.88 0.8077544426494345 0.8738203425375742 0.8394895903290799100
51 80.856 0.8071285594369472 0.8741870060843415 0.8393204861344257100
52 80.884 0.8078066434018354 0.8738203425375742 0.8395177809866012100
53 80.88 0.8082767539605561 0.8732099196646874 0.8394895903290798100
54 80.89999999999999 0.8081199896560641 0.8736981896973509 0.8396305625524768100
55 80.904 0.8085904651012356 0.8732099196646874 0.8396587626788473100
56 80.896 0.8081199896560641 0.87363712608331 0.8396023643202578100
57 80.928 0.8087474120082816 0.873392956959195 0.8398280032249397100
58 80.916 0.8081199896560641 0.8739425295392576 0.8397433744247759100
59 80.93599999999999 0.8080677484000258 0.8743092956564315 0.8398844319021702100
60 80.93599999999999 0.8080155138978669 0.8743704532736429 0.8398844319021702100
61 80.908 0.8075457070870211 0.874492794179376 0.83968696469956100
62 80.912 0.8074935400516796 0.8746151693254968 0.8397151686148058100
63 80.948 0.8076500613814047 0.874982500349993 0.8399690891375198100
64 80.92 0.8072328059412335 0.8750437521876093 0.8397715821296607100
65 80.94 0.8071285594369472 0.8754727552878554 0.8399126490844953100
66 80.904 0.8063995871234114 0.8757794437048974 0.8396587626788473100
67 80.892 0.806295555698897 0.875718088832843 0.8395741679819995100
68 80.932 0.8065556846044651 0.876024949190553 0.8398562166157155100
69 80.904 0.8067118425298483 0.8754114433783878 0.8396587626788474100
70 80.92399999999999 0.8067118425298483 0.875718088832843 0.8397997917296515100
71 80.92399999999999 0.8070764462809917 0.8752888453189552 0.8397997917296517100
72 80.92 0.8067118425298483 0.8756567425569177 0.8397715821296607100
73 80.916 0.806868060934676 0.8754114433783878 0.8397433744247758100
74 80.912 0.806868060934676 0.8753501400560224 0.8397151686148059100
75 80.92 0.8065036453964772 0.875902179244622 0.8397715821296607100
76 80.928 0.8064516129032258 0.8760863470703673 0.8398280032249394100
77 80.928 0.8060875733539692 0.8765163733258537 0.8398280032249397100
78 80.92 0.8061395588804334 0.8763320246775098 0.8397715821296607100
79 80.928 0.8064516129032258 0.8760863470703673 0.8398280032249394100
80 80.896 0.8062435500515995 0.8758408071748879 0.8396023643202579100
81 80.896 0.8061915511125444 0.875902179244622 0.8396023643202579100
82 80.876 0.8054642696050003 0.8764549151591642 0.8394614015647559100
83 80.904 0.8052567158410101 0.8771314293733773 0.8396587626788473100
84 80.904 0.8049974240082431 0.8774392812017409 0.8396587626788473100
85 80.904 0.8049974240082431 0.8774392812017409 0.8396587626788473100
86 80.92 0.8049974240082431 0.8776857182979918 0.8397715821296606100
87 80.92399999999999 0.8051529790660226 0.8775624824487503 0.8397997917296516100
88 80.916 0.8050492690152637 0.8775624824487503 0.8397433744247758100
89 80.92399999999999 0.8050492690152637 0.8776857182979918 0.8397997917296517100
90 80.94399999999999 0.8054642696050003 0.8775008775008775 0.8399408681628813100
91 80.932 0.8057238623179064 0.8770083491194837 0.8398562166157155100
92 80.932 0.8055680866146807 0.8771929824561403 0.8398562166157154100
93 80.96 0.8056719303899452 0.8775008775008775 0.8400537634408602100
94 80.92 0.8049974240082431 0.8776857182979918 0.8397715821296606100
95 80.92399999999999 0.8050492690152637 0.8776857182979918 0.8397997917296517100
96 80.94 0.8051529790660226 0.8778089887640449 0.8399126490844953100
97 80.92 0.8049974240082431 0.8776857182979918 0.8397715821296606100
98 80.93599999999999 0.8055161747647893 0.8773161145423919 0.8398844319021703100
99 80.93599999999999 0.8051529790660226 0.8777473492030055 0.8398844319021703100
100 80.956 0.8052048441123422 0.8779939594015593 0.8400255367763179100
