1 72.08 0.692482410946762 0.8974082848732859 0.781738586616635510
2 72.056 0.6923289947382997 0.8972794487115067 0.781591946476583610
3 72.068 0.6903407521952836 0.900835975785529 0.781665259669199310
4 72.10799999999999 0.6920989978406511 0.89850488786659 0.781909736340036910
5 71.97200000000001 0.7044237813468582 0.8764549151591642 0.781079138938357210
6 71.98400000000001 0.7042650290157192 0.876885303402315 0.781152355955505610
7 71.976 0.704463480613165 0.8764549151591642 0.781103543085671410
8 72.1 0.6942901577427238 0.8947104716913606 0.781860828772478510
9 72.06 0.6921756464920539 0.8976016085020825 0.78161638267938110
10 72.1 0.6938662225922843 0.8954154727793696 0.781860828772478610
11 72.092 0.6939047407571889 0.8952230895939268 0.781811927322763210
12 72.10799999999999 0.694367292523053 0.8947104716913606 0.781909736340036910
13 72.12799999999999 0.6941744876992281 0.8953513358641931 0.782032032032032110
14 72.036 0.7067337592582122 0.8738814317673378 0.781469788377981410
15 72.036 0.7067337592582122 0.8738814317673378 0.781469788377981410
16 72.148 0.694058856191005 0.8958646885974343 0.782154365985670910
17 72.148 0.694058856191005 0.8958646885974343 0.782154365985670910
18 72.148 0.694058856191005 0.8958646885974343 0.782154365985670910
19 72.148 0.694058856191005 0.8958646885974343 0.782154365985670910
20 72.148 0.694058856191005 0.8958646885974343 0.782154365985670910
21 72.16 0.6939817899178325 0.8961858330943504 0.782227784730913710
22 72.16799999999999 0.6939432631988008 0.8963786303334529 0.782276738218912210
23 72.164 0.694058856191005 0.8961215857767582 0.782252260709033410
24 72.164 0.694058856191005 0.8961215857767582 0.782252260709033410
25 72.048 0.7066538526768048 0.8741870060843415 0.781543078654495310
26 72.052 0.7067337592582122 0.8741258741258742 0.781567511801669510
27 72.052 0.7067337592582122 0.8741258741258742 0.781567511801669510
28 72.048 0.7066538526768048 0.8741870060843415 0.781543078654495310
29 72.16 0.6939817899178325 0.8961858330943504 0.782227784730913710
30 72.176 0.6939432631988008 0.8965072079179517 0.782325697834522510
31 72.044 0.7066139061616733 0.8741870060843415 0.781518647034918210
32 72.044 0.7066139061616733 0.8741870060843415 0.781518647034918210
33 72.044 0.7066139061616733 0.8741870060843415 0.781518647034918210
34 72.06 0.7065739641625686 0.874492794179376 0.781616382679380910
35 72.044 0.7066139061616733 0.8741870060843415 0.781518647034918210
36 72.052 0.7064940937093765 0.874492794179376 0.781567511801669410
37 72.036 0.7065340266787249 0.8741870060843415 0.781469788377981310
38 72.044 0.7066139061616733 0.8741870060843415 0.781518647034918210
39 72.036 0.7065340266787249 0.8741870060843415 0.781469788377981310
40 72.052 0.7064940937093765 0.874492794179376 0.781567511801669410
41 72.044 0.7066139061616733 0.8741870060843415 0.781518647034918210
42 72.036 0.7065340266787249 0.8741870060843415 0.781469788377981310
43 72.03999999999999 0.7065739641625686 0.8741870060843415 0.781494216942794610
44 72.03999999999999 0.7065739641625686 0.8741870060843415 0.781494216942794610
45 72.03999999999999 0.7065739641625686 0.8741870060843415 0.781494216942794610
46 72.03999999999999 0.7065739641625686 0.8741870060843415 0.781494216942794610
47 72.03999999999999 0.7065739641625686 0.8741870060843415 0.781494216942794610
48 72.048 0.7066538526768048 0.8741870060843415 0.781543078654495310
49 72.048 0.7066538526768048 0.8741870060843415 0.781543078654495310
50 72.048 0.7066538526768048 0.8741870060843415 0.781543078654495310
51 72.048 0.7066538526768048 0.8741870060843415 0.781543078654495310
52 72.048 0.7066538526768048 0.8741870060843415 0.781543078654495310
53 72.048 0.7066538526768048 0.8741870060843415 0.781543078654495310
54 72.048 0.7066538526768048 0.8741870060843415 0.781543078654495310
55 72.048 0.7066538526768048 0.8741870060843415 0.781543078654495310
56 72.048 0.7066538526768048 0.8741870060843415 0.781543078654495310
57 72.048 0.7066538526768048 0.8741870060843415 0.781543078654495310
58 72.048 0.7066538526768048 0.8741870060843415 0.781543078654495310
59 72.048 0.7066538526768048 0.8741870060843415 0.781543078654495310
60 72.048 0.7066538526768048 0.8741870060843415 0.781543078654495310
61 72.048 0.7066538526768048 0.8741870060843415 0.781543078654495310
62 72.048 0.7066538526768048 0.8741870060843415 0.781543078654495310
63 72.048 0.7066538526768048 0.8741870060843415 0.781543078654495310
64 72.048 0.7066538526768048 0.8741870060843415 0.781543078654495310
65 72.048 0.7066538526768048 0.8741870060843415 0.781543078654495310
66 72.048 0.7066538526768048 0.8741870060843415 0.781543078654495310
67 72.048 0.7066538526768048 0.8741870060843415 0.781543078654495310
68 72.048 0.7066538526768048 0.8741870060843415 0.781543078654495310
69 72.048 0.7066538526768048 0.8741870060843415 0.781543078654495310
70 72.048 0.7066538526768048 0.8741870060843415 0.781543078654495310
71 72.048 0.7066538526768048 0.8741870060843415 0.781543078654495310
72 72.048 0.7066538526768048 0.8741870060843415 0.781543078654495310
73 72.048 0.7066538526768048 0.8741870060843415 0.781543078654495310
74 72.048 0.7066538526768048 0.8741870060843415 0.781543078654495310
75 72.048 0.7066538526768048 0.8741870060843415 0.781543078654495310
76 72.048 0.7066538526768048 0.8741870060843415 0.781543078654495310
77 72.048 0.7066538526768048 0.8741870060843415 0.781543078654495310
78 72.048 0.7066538526768048 0.8741870060843415 0.781543078654495310
79 55.372 0.9856489512695158 0.5324813631522897 0.691429045551345510
80 72.048 0.7066538526768048 0.8741870060843415 0.781543078654495310
81 72.048 0.7066538526768048 0.8741870060843415 0.781543078654495310
82 72.048 0.7066538526768048 0.8741870060843415 0.781543078654495310
83 72.16 0.6939817899178325 0.8961858330943504 0.782227784730913710
84 72.16 0.6939817899178325 0.8961858330943504 0.782227784730913710
85 72.16 0.6939817899178325 0.8961858330943504 0.782227784730913710
86 72.048 0.7066538526768048 0.8741870060843415 0.781543078654495310
87 72.16 0.6939817899178325 0.8961858330943504 0.782227784730913710
88 72.16 0.6939817899178325 0.8961858330943504 0.782227784730913710
89 72.16 0.6939817899178325 0.8961858330943504 0.782227784730913710
90 72.16 0.6939817899178325 0.8961858330943504 0.782227784730913710
91 72.048 0.7066538526768048 0.8741870060843415 0.781543078654495310
92 72.048 0.7066538526768048 0.8741870060843415 0.781543078654495310
93 72.048 0.7066538526768048 0.8741870060843415 0.781543078654495310
94 72.048 0.7066538526768048 0.8741870060843415 0.781543078654495310
95 72.048 0.7066538526768048 0.8741870060843415 0.781543078654495310
96 72.048 0.7066538526768048 0.8741870060843415 0.781543078654495310
97 72.048 0.7066538526768048 0.8741870060843415 0.781543078654495310
98 72.048 0.7066538526768048 0.8741870060843415 0.781543078654495310
99 72.16 0.6939817899178325 0.8961858330943504 0.782227784730913710
100 72.16 0.6939817899178325 0.8961858330943504 0.782227784730913710
