1 74.10399999999998 0.7131039990872269 0.8963786303334529 0.794306411641354720
2 75.25999999999999 0.7328799249530957 0.8847052162219549 0.80166746833413520
3 74.892 0.7256472773714153 0.8896163974094371 0.799309396681267320
4 75.28 0.7348186467579801 0.8822076363893006 0.801796023091725420
5 75.24 0.7385524372230429 0.8762705923589205 0.801538954793202920
6 75.30399999999999 0.7399952640303102 0.875227559165383 0.80195034323474720
7 75.264 0.7398200757575758 0.8748600223964166 0.801693175987686120
8 75.216 0.7351211479651847 0.8807779030439684 0.801384792922169620
9 75.09599999999999 0.7308231992516371 0.8851437473445688 0.800614872221866420
10 75.108 0.7314646848850137 0.8843922456487902 0.800691797713224320
11 75.164 0.7319786847806992 0.8845174073025757 0.801050978884296120
12 75.152 0.7309086656531399 0.8858965272856131 0.800973984364987920
13 75.188 0.7328799249530957 0.8835795575033576 0.801205012338557220
14 75.19200000000001 0.7326651427231698 0.8839544586662895 0.801230690340362920
15 75.196 0.7336111274135806 0.8826436943934473 0.801256369988141420
16 75.25999999999999 0.7341712674732762 0.8828307083833604 0.801667468334135220
17 75.256 0.7352941176470589 0.8811504300014098 0.801641762329250220
18 75.272 0.7343437903889085 0.882768361581921 0.801744596241421520
19 75.288 0.7368545154444707 0.8794146616012383 0.801847456539867920
20 75.28399999999999 0.7407846390897238 0.8738203425375742 0.801821738990987520
21 75.288 0.7406529596492267 0.8740647507167331 0.801847456539867820
22 75.28 0.7406090769048466 0.8740036358551252 0.801796023091725620
23 75.288 0.7407407407407407 0.8739425295392576 0.801847456539867920
24 75.33999999999999 0.7428537469542996 0.8718091784070303 0.80218193486282720
25 75.336 0.7427654643769683 0.8718699867475762 0.802156195854456720
26 75.368 0.7441805084241233 0.8704129238910939 0.802362154181911620
27 75.372 0.7441805084241233 0.8704735376044568 0.802387906409474520
28 75.32799999999999 0.7425448497089224 0.8720524626761545 0.802104722792607720
29 75.32799999999999 0.7425448497089224 0.8720524626761545 0.802104722792607720
30 75.332 0.7432954748171493 0.8710801393728222 0.8021304584977720
31 75.32799999999999 0.7432954748171493 0.8710194411539266 0.802104722792607820
32 75.32799999999999 0.7434280956345902 0.8708373972411871 0.802104722792607820
33 75.356 0.7446238160481324 0.8696257130930848 0.802284907416321720
34 75.332 0.7434280956345902 0.8708980700898766 0.802130458497770120
35 75.36 0.744845667977595 0.8693837807761858 0.802310654685494320
36 75.36 0.744845667977595 0.8693837807761858 0.802310654685494320
37 75.32799999999999 0.7433396764985728 0.870958751393534 0.802104722792607720
38 75.376 0.744845667977595 0.8696257130930848 0.802413660290152720
39 75.33999999999999 0.7428978961131583 0.8717483785480159 0.802181934862826920
40 75.316 0.7427213309566251 0.8716268042674848 0.802027525584678220
41 75.32799999999999 0.7428537469542996 0.8716268042674848 0.802104722792607720
42 75.32799999999999 0.7428537469542996 0.8716268042674848 0.802104722792607720
43 75.332 0.7428537469542996 0.8716875871687587 0.8021304584977720
44 75.332 0.7428537469542996 0.8716875871687587 0.8021304584977720
45 75.32799999999999 0.7427654643769683 0.8717483785480159 0.802104722792607820
46 75.32799999999999 0.7428096030425482 0.8716875871687587 0.802104722792607920
47 75.336 0.7428537469542996 0.8717483785480159 0.802156195854456720
48 75.32799999999999 0.7428537469542996 0.8716268042674848 0.802104722792607720
49 75.336 0.7430303750817333 0.871505263891794 0.802156195854456720
50 75.33999999999999 0.7431187206468105 0.8714445064138315 0.802181934862826920
51 75.344 0.7431187206468105 0.871505263891794 0.802207675523039520
52 75.33999999999999 0.7431187206468105 0.8714445064138315 0.802181934862826920
53 75.344 0.7431187206468105 0.871505263891794 0.802207675523039520
54 75.344 0.7431629013079667 0.8714445064138315 0.802207675523039320
55 75.344 0.7431629013079667 0.8714445064138315 0.802207675523039320
56 75.33999999999999 0.7431629013079667 0.8713837574067619 0.802181934862826920
57 75.344 0.7432070872227837 0.8713837574067619 0.802207675523039420
58 75.344 0.7431187206468105 0.871505263891794 0.802207675523039520
59 75.344 0.7431629013079667 0.8714445064138315 0.802207675523039320
60 75.344 0.7431629013079667 0.8714445064138315 0.802207675523039320
61 75.30799999999999 0.7411799584939224 0.87363712608331 0.801976069034100120
62 75.32 0.7419278252611586 0.872783130847647 0.802053256336220820
63 75.348 0.7431187206468105 0.8715660298424208 0.802233417835253420
64 75.352 0.7431187206468105 0.8716268042674848 0.802259161799627820
65 75.344 0.7431187206468105 0.871505263891794 0.802207675523039520
66 75.348 0.7431187206468105 0.8715660298424208 0.802233417835253420
67 75.348 0.7431187206468105 0.8715660298424208 0.802233417835253420
68 75.356 0.7432954748171493 0.8714445064138315 0.802284907416321620
69 75.344 0.7431629013079667 0.8714445064138315 0.802207675523039320
70 75.356 0.743383883437407 0.8713230168688136 0.802284907416321720
71 75.352 0.7432954748171493 0.8713837574067619 0.802259161799627820
72 75.344 0.7432070872227837 0.8713837574067619 0.802207675523039420
73 75.344 0.7432070872227837 0.8713837574067619 0.802207675523039420
74 75.344 0.7432070872227837 0.8713837574067619 0.802207675523039420
75 75.344 0.7432070872227837 0.8713837574067619 0.802207675523039420
76 75.344 0.7432070872227837 0.8713837574067619 0.802207675523039420
77 75.344 0.7432512783921988 0.8713230168688136 0.802207675523039420
78 75.344 0.7432512783921988 0.8713230168688136 0.802207675523039420
79 75.33999999999999 0.7432954748171493 0.8712015611931977 0.802181934862826920
80 75.344 0.7432512783921988 0.8713230168688136 0.802207675523039420
81 75.344 0.7432512783921988 0.8713230168688136 0.802207675523039420
82 75.344 0.7432512783921988 0.8713230168688136 0.802207675523039420
83 75.312 0.7418397626112759 0.872783130847647 0.80200179648402420
84 75.316 0.7418397626112759 0.872844075134418 0.802027525584677920
85 75.344 0.7432070872227837 0.8713837574067619 0.802207675523039420
86 75.344 0.7432070872227837 0.8713837574067619 0.802207675523039420
87 75.312 0.7417957391252744 0.872844075134418 0.80200179648402420
88 75.316 0.7418397626112759 0.872844075134418 0.802027525584677920
89 75.312 0.7417957391252744 0.872844075134418 0.80200179648402420
90 75.312 0.7417957391252744 0.872844075134418 0.80200179648402420
91 75.312 0.7417957391252744 0.872844075134418 0.80200179648402420
92 75.316 0.7418397626112759 0.872844075134418 0.802027525584677920
93 75.316 0.7418397626112759 0.872844075134418 0.802027525584677920
94 75.30399999999999 0.7410042089039066 0.8738203425375742 0.801950343234746920
95 75.30399999999999 0.7410042089039066 0.8738203425375742 0.801950343234746920
96 75.30399999999999 0.7410042089039066 0.8738203425375742 0.801950343234746920
97 75.30399999999999 0.7410042089039066 0.8738203425375742 0.801950343234746920
98 75.30399999999999 0.7410042089039066 0.8738203425375742 0.801950343234746920
99 75.30399999999999 0.7410042089039066 0.8738203425375742 0.801950343234746920
100 75.30399999999999 0.7410042089039066 0.8738203425375742 0.801950343234746920
