1 75.8 0.7408724513987672 0.8816476230780081 0.805152979066022530
2 76.272 0.7398638650488311 0.8905036688751158 0.808224492435018730
3 76.36800000000001 0.7407846390897238 0.890694028787231 0.80885207713213430
4 76.372 0.7490861149397735 0.8790436005625879 0.808878247646164430
5 76.444 0.7519701618239788 0.8762091686527408 0.809349606656091230
6 76.44800000000001 0.7519249278152069 0.8763320246775098 0.809375809375809330
7 76.588 0.7582190949896882 0.8700494188069883 0.810293974654004430
8 76.40400000000001 0.7476076555023924 0.8815854432611608 0.809087672740218230
9 76.276 0.7432512783921988 0.8857082122865443 0.808250622352979330
10 76.40400000000001 0.7457788914742557 0.8841420285754704 0.809087672740218230
11 76.372 0.7445794615201334 0.8853318223670231 0.808878247646164330
12 76.476 0.746224106023521 0.8846426043878273 0.809559275930183730
13 76.58 0.7491759065028468 0.8821453775582216 0.810241451952681930
14 76.708 0.7580351728320194 0.8721133049605805 0.8110826330986630
15 76.74 0.7585411736149038 0.8719308035714286 0.811293201362972630
16 76.756 0.7532843196336025 0.8792290919321939 0.81139852650027630
17 76.828 0.7547397657287768 0.8783641346356545 0.811872828240184630
18 76.816 0.7550588945937783 0.8777473492030055 0.811793739446681430
19 76.82 0.7551045064636945 0.8777473492030055 0.811820100665692430
20 76.836 0.7547397657287768 0.8784875957551479 0.811925562664414830
21 76.816 0.7544664413326895 0.8785493393308969 0.811793739446681430
22 76.832 0.754557527465894 0.8786728525235484 0.81189919459599930
23 76.82 0.7544664413326895 0.8786110915864201 0.811820100665692430
24 76.844 0.7553782934493595 0.8777473492030055 0.811978303939718830
25 76.832 0.7551957467375544 0.8778089887640449 0.811899194595998930
26 76.88000000000001 0.7616378259809895 0.869988864142539 0.812215724496426330
27 76.85600000000001 0.7615450225417326 0.8697467297522962 0.812057428701357830
28 76.86800000000001 0.7611276867807343 0.8704735376044568 0.812136568885423630
29 76.836 0.7550588945937783 0.8780556336049452 0.811925562664415130
30 76.844 0.75496768738298 0.8783024170882519 0.811978303939718830
31 76.872 0.7611276867807343 0.870534159760429 0.812162952374764530
32 76.86800000000001 0.761266747868453 0.8702917217851424 0.812136568885423630
33 76.86800000000001 0.7611740348313238 0.8704129238910939 0.812136568885423630
34 76.89200000000001 0.7618235007313505 0.8699283179066045 0.812294895538876330
35 76.872 0.761591421434229 0.8699283179066045 0.812162952374764530
36 76.86800000000001 0.7614522417153996 0.8700494188069883 0.812136568885423730
37 76.876 0.7614986293024673 0.8701099819017124 0.812189337578376330
38 76.86800000000001 0.761591421434229 0.8698677800974252 0.812136568885423830
39 76.86 0.7615450225417326 0.8698072507132419 0.812083807048887530
40 76.86800000000001 0.7614986293024673 0.869988864142539 0.812136568885423830
41 76.86800000000001 0.7616378259809895 0.8698072507132419 0.812136568885423830
42 76.872 0.7615450225417326 0.869988864142539 0.812162952374764430
43 76.888 0.7616842361830479 0.8700494188069883 0.812268503476509330
44 76.896 0.7617306520414382 0.8701099819017124 0.812321289316350530
45 76.908 0.7618235007313505 0.8701705534284719 0.812400480941084630
46 76.92 0.7621021826606511 0.869988864142539 0.812479688007799830
47 76.91600000000001 0.7621486494725931 0.8698677800974252 0.812453283936173630
48 76.896 0.761591421434229 0.8702917217851424 0.812321289316350430
49 76.9 0.7620092660326749 0.8698072507132419 0.812347684809098230
50 76.924 0.7623345733975727 0.8697467297522962 0.812506093795703530
51 76.924 0.7622416000975669 0.8698677800974252 0.812506093795703430
52 76.928 0.7635452935068108 0.8682364381468362 0.812532501300052130
53 76.89200000000001 0.7625671059053196 0.8689607229753216 0.812294895538876330
54 76.904 0.7647130796525143 0.8663709453839756 0.812374082017287330
55 76.896 0.7646662996268428 0.8663109016563865 0.812321289316350530
56 76.9 0.7646662996268428 0.8663709453839756 0.812347684809098430
57 76.888 0.7638252367858234 0.8672726011239853 0.812268503476509130
58 76.9 0.7625671059053196 0.8690815546130849 0.812347684809098230
59 76.884 0.7627066935139423 0.8686587908269632 0.812242113129081630
60 76.884 0.7626136294307851 0.8687795385043091 0.812242113129081530
61 76.896 0.7628928898382668 0.8685984295740393 0.812321289316350430
62 76.896 0.7628463322348347 0.8686587908269632 0.812321289316350430
63 76.904 0.762660158633313 0.8690211345939933 0.812374082017287330
64 76.92 0.7627997803136632 0.8690815546130849 0.812479688007799830
65 76.92 0.7627066935139423 0.8692024198595368 0.812479688007799830
66 76.932 0.7627532340737124 0.8693233187287016 0.812558910521012730
67 76.92 0.7625671059053196 0.8693837807761858 0.812479688007799830
68 76.924 0.7628463322348347 0.8690815546130849 0.812506093795703530
69 76.924 0.7628463322348347 0.8690815546130849 0.812506093795703530
70 76.89200000000001 0.76247407588142 0.8690815546130849 0.812294895538876330
71 76.896 0.7623810685533057 0.8692628650904033 0.812321289316350430
72 76.904 0.7623810685533057 0.8693837807761858 0.812374082017287230
73 76.908 0.7623810685533057 0.8694442512346109 0.812400480941084630
74 76.912 0.7625205880558775 0.8693233187287016 0.812426881580657830
75 76.884 0.756475429678044 0.876885303402315 0.812242113129081530
76 76.884 0.7562923523717329 0.8771314293733773 0.812242113129081630
77 76.86800000000001 0.7560636303151274 0.8771929824561403 0.812136568885423730
78 76.872 0.7560636303151274 0.8772545441785389 0.812162952374764430
79 76.86800000000001 0.7560636303151274 0.8771929824561403 0.812136568885423730
80 76.864 0.7562008469449486 0.8769468219447173 0.81211018711018730
81 76.872 0.7562008469449486 0.8770698849284311 0.812162952374764530
82 76.876 0.7561551025346319 0.8771929824561403 0.812189337578376330
83 76.89200000000001 0.7565670015736594 0.876885303402315 0.812294895538876530
84 76.89200000000001 0.75633811339021 0.8771929824561403 0.812294895538876530
85 76.888 0.7562923523717329 0.8771929824561403 0.812268503476509130
86 76.89200000000001 0.75642965204236 0.8770698849284311 0.812294895538876530
87 76.88000000000001 0.7562923523717329 0.8770698849284311 0.812215724496426230
88 76.872 0.7563838799467506 0.8768237934904601 0.812162952374764430
89 76.88000000000001 0.75642965204236 0.876885303402315 0.812215724496426330
90 76.876 0.75633811339021 0.8769468219447173 0.812189337578376330
91 76.872 0.75633811339021 0.876885303402315 0.812162952374764330
92 76.884 0.7563838799467506 0.8770083491194837 0.812242113129081730
93 76.88000000000001 0.75642965204236 0.876885303402315 0.812215724496426330
94 76.872 0.7562923523717329 0.8769468219447173 0.812162952374764430
95 76.864 0.75633811339021 0.8767622922073367 0.812110187110187130
96 76.864 0.7563838799467506 0.8767007995511292 0.812110187110187130
97 76.876 0.75642965204236 0.8768237934904601 0.812189337578376230
98 76.88000000000001 0.7562923523717329 0.8770698849284311 0.812215724496426230
99 76.876 0.75642965204236 0.8768237934904601 0.812189337578376230
100 76.876 0.7563838799467506 0.876885303402315 0.812189337578376330
