1 75.632 0.7383343177790904 0.8826436943934473 0.804065354432008230
2 76.144 0.7428096030425482 0.8842671194114318 0.807389226198165730
3 76.192 0.7377678097149265 0.8922835320151331 0.807702248643060130
4 76.20400000000001 0.7463132127291181 0.8802816901408451 0.807780542182330
5 76.272 0.7489514679448772 0.8776857182979918 0.808224492435018730
6 76.348 0.7514277126540427 0.8754727552878554 0.80872124995956430
7 76.48 0.7554695999032999 0.8720524626761545 0.809585492227979230
8 76.44800000000001 0.7509311546317433 0.8776857182979918 0.809375809375809230
9 76.156 0.7431187206468105 0.884016973125884 0.807467459061399930
10 76.424 0.7487720138972086 0.8802816901408451 0.809218618501974530
11 76.47200000000001 0.7477418197044924 0.8824567596187787 0.809533061330224630
12 76.532 0.7498950146979423 0.8804056909423863 0.809926458677552230
13 76.532 0.7546030787805614 0.8740036358551252 0.809926458677552130
14 76.564 0.7551045064636945 0.8738203425375742 0.810136426974302330
15 76.6 0.756475429678044 0.872539438782633 0.810372771474878430
16 76.62 0.7512470701364264 0.879909897226524 0.810504133571081230
17 76.676 0.7519249278152069 0.8798479622721194 0.810872174110473230
18 76.676 0.7520154012754181 0.8797241185164333 0.810872174110473330
19 76.684 0.7524228014205743 0.8792909397861565 0.810924778617535430
20 76.67200000000001 0.7517892584350755 0.8799718409010912 0.810845874416190930
21 76.688 0.751698839376992 0.8803436861750827 0.810951083430647530
22 76.652 0.7515632515632515 0.8799718409010912 0.810714401530628730
23 76.676 0.751834476121737 0.8799718409010912 0.810872174110473330
24 76.708 0.7526493256262042 0.8793527963418923 0.811082633098660130
25 76.74799999999999 0.7589556769884639 0.871505263891794 0.811345860513419630
26 76.72 0.7589095986886042 0.8711408460519897 0.811161583387410730
27 76.724 0.7587253414264037 0.8714445064138315 0.81118790356598230
28 76.724 0.7584491232328135 0.8718091784070303 0.811187903565982130
29 76.74 0.7583570951889825 0.8721741557354172 0.811293201362972430
30 76.76 0.7586792910900704 0.8720524626761545 0.811424862057773330
31 76.752 0.758587207185338 0.8720524626761545 0.811372192652213530
32 76.756 0.7587253414264037 0.8719308035714286 0.811398526500275930
33 76.764 0.7589095986886042 0.8718091784070303 0.811451199324872830
34 76.74799999999999 0.7589095986886042 0.8715660298424208 0.811345860513419630
35 76.764 0.7598322290438271 0.8705947903607745 0.811451199324872530
36 76.756 0.7597860442499392 0.870534159760429 0.811398526500275930
37 76.74799999999999 0.7596475235490733 0.8705947903607745 0.811345860513419630
38 76.744 0.7598322290438271 0.8702917217851424 0.81131953008372830
39 76.732 0.7598784194528876 0.8700494188069883 0.811240549047603630
40 76.732 0.7586792910900704 0.8716268042674848 0.811240549047603630
41 76.724 0.7589095986886042 0.8712015611931977 0.81118790356598230
42 76.752 0.759093945466691 0.8713837574067619 0.811372192652213430
43 76.74799999999999 0.7589095986886042 0.8715660298424208 0.811345860513419630
44 76.78 0.7593245049204228 0.871505263891794 0.811556565492614830
45 76.77199999999999 0.759093945466691 0.8716875871687587 0.811503878988541630
46 76.776 0.7591861524445794 0.8716268042674848 0.811530221385444330
47 76.78399999999999 0.7593245049204228 0.8715660298424208 0.811582911310219430
48 76.79199999999999 0.7593245049204228 0.8716875871687587 0.811635608077397530
49 76.78 0.7593245049204228 0.871505263891794 0.811556565492614830
50 76.764 0.7603406326034063 0.8699283179066045 0.811451199324872630
51 76.752 0.7602943859862539 0.8698072507132419 0.811372192652213430
52 76.804 0.7609423510074876 0.8697467297522962 0.811714666060586430
53 76.78399999999999 0.7621021826606511 0.8679350090265241 0.811582911310219430
54 76.76 0.7617306520414382 0.8680555555555556 0.811424862057773530
55 76.764 0.7617770735571943 0.8680555555555556 0.811451199324872530
56 76.756 0.7617770735571943 0.8679350090265241 0.811398526500275930
57 76.752 0.7617770735571943 0.8678747483163229 0.811372192652213430
58 76.77199999999999 0.7618699335649418 0.8680555555555556 0.811503878988541530
59 76.736 0.7608497169639052 0.8688399249322305 0.811266874350986530
60 76.74 0.7600170243813461 0.869988864142539 0.811293201362972630
61 76.74799999999999 0.7601556798832401 0.8699283179066045 0.811345860513419630
62 76.752 0.760201909627197 0.8699283179066045 0.811372192652213530
63 76.744 0.7601094557616297 0.8699283179066045 0.811319530083728330
64 76.78399999999999 0.7602943859862539 0.8702917217851424 0.811582911310219430
65 76.78 0.7601094557616297 0.8704735376044568 0.811556565492614930
66 76.776 0.7600170243813461 0.870534159760429 0.811530221385444330
67 76.78 0.760201909627197 0.8703523186185768 0.811556565492614830
68 76.77199999999999 0.7602943859862539 0.8701099819017124 0.811503878988541530
69 76.78399999999999 0.7602481449945262 0.8703523186185768 0.811582911310219430
70 76.776 0.7602943859862539 0.8701705534284719 0.811530221385444330
71 76.776 0.7602481449945262 0.8702311333890281 0.811530221385444430
72 76.768 0.7598322290438271 0.8706554294072578 0.811477538301739930
73 76.79199999999999 0.7600170243813461 0.8707767328456983 0.811635608077397730
74 76.78 0.7601556798832401 0.8704129238910939 0.811556565492614930
75 76.776 0.7600632372613402 0.8704735376044568 0.811530221385444330
76 76.78 0.7601094557616297 0.8704735376044568 0.811556565492614930
77 76.776 0.7598322290438271 0.8707767328456983 0.811530221385444330
78 76.78399999999999 0.7600170243813461 0.8706554294072578 0.811582911310219430
79 76.788 0.7600632372613402 0.8706554294072578 0.811609258838424830
80 76.78 0.7601094557616297 0.8704735376044568 0.811556565492614930
81 76.78399999999999 0.7602481449945262 0.8703523186185768 0.811582911310219430
82 76.788 0.760201909627197 0.8704735376044568 0.811609258838424830
83 76.736 0.7539658604258399 0.8779939594015593 0.811266874350986430
84 76.724 0.7536476546484987 0.8782407082133071 0.811187903565981930
85 76.728 0.7536476546484987 0.8783024170882519 0.811214225452657530
86 76.77199999999999 0.7599708171206225 0.870534159760429 0.811503878988541630
87 76.724 0.7537385431741438 0.8781173164734809 0.81118790356598230
88 76.74799999999999 0.7541933148304574 0.8778706369829342 0.811345860513419630
89 76.728 0.7537385431741438 0.8781790080089925 0.811214225452657630
90 76.756 0.7541478129713424 0.8780556336049452 0.811398526500275930
91 76.804 0.7603868848470101 0.8704735376044568 0.811714666060586430
92 76.8 0.7603406326034063 0.8704735376044568 0.811688311688311730
93 76.764 0.7599246154781446 0.8704735376044568 0.811451199324872630
94 76.724 0.7653686015184913 0.8628425484917512 0.81118790356598230
95 76.768 0.7597860442499392 0.8707160769016439 0.811477538301739730
96 76.764 0.7596475235490733 0.8708373972411871 0.811451199324872530
97 76.77199999999999 0.7598784194528876 0.8706554294072578 0.811503878988541630
98 76.80799999999999 0.7603406326034063 0.8705947903607745 0.81174102214429530
99 76.74799999999999 0.7539658604258399 0.8781790080089925 0.811345860513419630
100 76.724 0.7535113629513533 0.8784258608573436 0.81118790356598230
