1 76.8 0.7519701618239788 0.8817098116667842 0.811688311688311740
2 77.40400000000001 0.7535567880395466 0.8889837138183628 0.815687298117393740
3 77.532 0.7552413751434959 0.8886677093701123 0.81653983081294740
4 77.53999999999999 0.7652748867393168 0.8752888453189552 0.816593173281071440
5 77.668 0.7669652718124923 0.8750437521876093 0.817447601608736840
6 77.67999999999999 0.766353994237018 0.876024949190553 0.817527795945062140
7 77.716 0.7702261383942326 0.8715660298424208 0.817768473389813840
8 77.52 0.7606645165216332 0.8810883202932261 0.816459830176355340
9 77.46 0.7578513398811689 0.8839544586662895 0.816060062020564740
10 77.524 0.7588174588720937 0.8836420189452849 0.816486495313367640
11 77.536 0.758173106083581 0.8847052162219549 0.816566501175855840
12 77.64 0.7596936915035858 0.8842671194114318 0.817260542661000240
13 77.7 0.763498656242365 0.8800957544180806 0.817661488143908440
14 77.77199999999999 0.7640119797078418 0.8805297266835729 0.818143142324181140
15 77.756 0.7655092167309694 0.8783024170882519 0.81803605902948240
16 77.78399999999999 0.765181194906954 0.8791672527781685 0.81822347319499940
17 77.84400000000001 0.7670594010800197 0.8776240960471811 0.818625364288287140
18 77.852 0.7672477289467223 0.8775008775008775 0.818678979598519940
19 77.912 0.7684268764984324 0.876885303402315 0.819081318393290140
20 77.9 0.7677189534455227 0.8776240960471811 0.81900081900081940
21 77.89200000000001 0.7681435506667486 0.8769468219447173 0.818947161529138240
22 77.896 0.7681435506667486 0.8770083491194837 0.818973989386097140
23 77.888 0.7683324113344397 0.8766393155200224 0.818920335429769440
24 77.872 0.7676246622451486 0.8773161145423919 0.818813048604742540
25 77.86800000000001 0.7685213648939441 0.8760863470703673 0.818786231290734740
26 77.864 0.767860433687573 0.876885303402315 0.818759415733280940
27 77.872 0.7685686178061978 0.8760863470703673 0.818813048604742640
28 77.916 0.7738021542651975 0.8700494188069883 0.819108155040791640
29 77.896 0.7682851874615857 0.8768237934904601 0.818973989386097140
30 77.89200000000001 0.7678132678132679 0.8773776935495192 0.818947161529138240
31 77.88 0.7682851874615857 0.876577840112202 0.818866688503111640
32 77.944 0.774041736330423 0.8701705534284719 0.819296060824539740
33 77.936 0.7739458857036716 0.8701705534284719 0.819242364661161440
34 77.964 0.7744253763707329 0.869988864142539 0.819430332033170640
35 77.936 0.7741855567942525 0.8698677800974252 0.819242364661161440
36 77.936 0.7740896705474363 0.869988864142539 0.819242364661161440
37 77.932 0.7738021542651975 0.8702917217851424 0.819215519218796140
38 77.92 0.7738979692917286 0.869988864142539 0.819134993446920140
39 77.92399999999999 0.7738979692917286 0.8700494188069883 0.819161833611848440
40 77.932 0.7739938080495357 0.8700494188069883 0.819215519218796240
41 77.92399999999999 0.774041736330423 0.8698677800974252 0.819161833611848440
42 77.928 0.774041736330423 0.8699283179066045 0.819188675535749440
43 77.928 0.7739458857036716 0.8700494188069883 0.819188675535749440
44 77.928 0.7738500588126045 0.8701705534284719 0.819188675535749440
45 77.936 0.7739458857036716 0.8701705534284719 0.819242364661161440
46 77.952 0.7743294307130025 0.8699283179066045 0.819349764027267940
47 77.968 0.7745213458082905 0.8699283179066045 0.819457191556313240
48 77.948 0.774041736330423 0.8702311333890281 0.819322911545898540
49 77.916 0.774041736330423 0.8697467297522962 0.819108155040791740
50 77.948 0.7744253763707329 0.8697467297522962 0.819322911545898540
51 77.972 0.7753861422988648 0.8689003197553177 0.819484052840331840
52 77.952 0.77557858162189 0.868357068426537 0.819349764027268140
53 77.936 0.774857426233573 0.8690211345939933 0.819242364661161340
54 77.932 0.7765904572564613 0.8667914846404549 0.81921551921879640
55 77.936 0.7766387076731904 0.8667914846404549 0.819242364661161440
56 77.952 0.775819265143992 0.8680555555555556 0.819349764027267840
57 77.932 0.7759155803848541 0.8676337891302839 0.81921551921879640
58 77.952 0.7749054615336929 0.8692024198595368 0.81934976402726840
59 77.94 0.7750976623054505 0.8687795385043091 0.819269211863018240
60 77.94 0.7751937984496124 0.8686587908269632 0.819269211863018340
61 77.952 0.7752418754651451 0.8687795385043091 0.819349764027267940
62 77.94 0.7750496031746031 0.8688399249322305 0.819269211863018340
63 77.948 0.7751937984496124 0.8687795385043091 0.819322911545898440
64 77.976 0.774857426233573 0.8696257130930848 0.819510915885399640
65 77.976 0.774761373496963 0.8697467297522962 0.819510915885399740
66 77.984 0.7748093968883655 0.8698072507132419 0.819564647259375740
67 77.972 0.774761373496963 0.8696862172128296 0.819484052840331740
68 77.968 0.7751937984496124 0.8690815546130849 0.819457191556313140
69 77.972 0.7751937984496124 0.8691419830343485 0.819484052840331840
70 77.948 0.7750496031746031 0.8689607229753216 0.819322911545898540
71 77.956 0.7750015500031 0.8691419830343485 0.819376618268821140
72 77.948 0.774857426233573 0.8692024198595368 0.819322911545898440
73 77.944 0.774761373496963 0.8692628650904033 0.819296060824539540
74 77.908 0.7694675284702985 0.8754727552878554 0.819054483504242640
75 77.92 0.7696096539834996 0.8754727552878554 0.819134993446920140
76 77.92 0.7694201649636834 0.875718088832843 0.819134993446920240
77 77.904 0.7692781094221183 0.8756567425569177 0.819027650373476740
78 77.904 0.7693254554406697 0.8755954048753152 0.819027650373476740
79 77.908 0.7694201649636834 0.8755340757862295 0.819054483504242740
80 77.928 0.7696096539834996 0.8755954048753152 0.819188675535749440
81 77.948 0.7697992363591575 0.8756567425569177 0.819322911545898440
82 77.932 0.7696096539834996 0.8756567425569177 0.819215519218796140
83 77.948 0.7698466465480076 0.8755954048753152 0.819322911545898440
84 77.944 0.7697044334975369 0.875718088832843 0.819296060824539540
85 77.928 0.7692781094221183 0.876024949190553 0.819188675535749440
86 77.964 0.7698466465480076 0.8758408071748879 0.819430332033170540
87 77.964 0.769941484447182 0.875718088832843 0.819430332033170640
88 77.944 0.7700363457155178 0.8752888453189552 0.819296060824539540
89 77.948 0.7698940625769894 0.8755340757862295 0.819322911545898540
90 77.952 0.7699889121596649 0.8754727552878554 0.819349764027267940
91 77.952 0.7700363457155178 0.8754114433783878 0.81934976402726840
92 77.964 0.7701786814540974 0.8754114433783878 0.819430332033170740
93 77.98 0.7703210698219017 0.8754727552878554 0.819537780691689840
94 77.956 0.7699889121596649 0.8755340757862295 0.81937661826882140
95 77.944 0.769941484447182 0.8754114433783878 0.819296060824539540
96 77.952 0.7699889121596649 0.8754727552878554 0.819349764027267940
97 77.952 0.7700363457155178 0.8754114433783878 0.81934976402726840
98 77.956 0.7700837851158207 0.8754114433783878 0.819376618268821140
99 77.944 0.769941484447182 0.8754114433783878 0.819296060824539540
100 77.904 0.7695622729791295 0.8752888453189552 0.819027650373476640
