1 76.52 0.7493106342165208 0.8810262193402876 0.809847748623258940
2 77.11200000000001 0.7544209065121613 0.8832049742104148 0.813749104875984740
3 77.172 0.7503451587730356 0.8898063781321185 0.81414661152180340
4 77.23599999999999 0.7611276867807343 0.8760863470703673 0.814571046886709340
5 77.292 0.762939453125 0.8745539774714896 0.814942791016070640
6 77.35600000000001 0.7635919364691509 0.8746763697431951 0.815368057140993540
7 77.44800000000001 0.766119146849718 0.872783130847647 0.815980155362621740
8 77.388 0.7617770735571943 0.8775624824487503 0.815580856686131940
9 77.16000000000001 0.7555152614082804 0.8824567596187787 0.814067079127319940
10 77.40400000000001 0.7601556798832401 0.8799718409010912 0.815687298117393640
11 77.34400000000001 0.7563838799467506 0.8841420285754704 0.815288285937907740
12 77.336 0.7562008469449486 0.8842671194114318 0.815235113806821940
13 77.40400000000001 0.7594629078315815 0.8809020436927414 0.815687298117393840
14 77.536 0.766541975838597 0.873576071004263 0.816566501175855740
15 77.512 0.7666360012266176 0.8730879374170566 0.816406505127032840
16 77.548 0.7622416000975669 0.8794146616012383 0.816646522719106340
17 77.628 0.763498656242365 0.8789817874973631 0.817180400745268740
18 77.62 0.7640119797078418 0.8781790080089925 0.817126981532930340
19 77.64800000000001 0.7643857396196416 0.8781173164734809 0.817313979338302540
20 77.62400000000001 0.7632189522530224 0.8792909397861565 0.817153690266065240
21 77.61200000000001 0.7634053988029803 0.8788581874428743 0.817073569304180240
22 77.628 0.7636852394916911 0.8787346221441125 0.817180400745268540
23 77.61200000000001 0.7634053988029803 0.8788581874428743 0.817073569304180240
24 77.64 0.7642455368060651 0.8781790080089925 0.817260542661000340
25 77.60400000000001 0.7639185968343213 0.8780556336049452 0.817020164057648840
26 77.656 0.7696570408226094 0.8713837574067619 0.817367423003988840
27 77.628 0.7694201649636834 0.8712622847982157 0.817180400745268540
28 77.64 0.7692307692307693 0.8716875871687587 0.817260542661000340
29 77.64 0.7691361063253753 0.8718091784070303 0.817260542661000340
30 77.664 0.7695622729791295 0.8716268042674848 0.8174208736594340
31 77.67999999999999 0.7697992363591575 0.8715660298424208 0.817527795945062140
32 77.668 0.7697044334975369 0.871505263891794 0.817447601608736940
33 77.696 0.7700363457155178 0.871505263891794 0.817634746206174840
34 77.688 0.7701786814540974 0.8712015611931977 0.817581267577997440
35 77.688 0.7707960781895542 0.8704129238910939 0.817581267577997440
36 77.676 0.7707485509927241 0.8702917217851424 0.817501062751381640
37 77.66 0.7702261383942326 0.8707160769016439 0.817394147457904140
39 77.64 0.7705110028971214 0.8700494188069883 0.817260542661000340
40 77.656 0.7707010296565756 0.8700494188069883 0.817367423003988940
41 77.64800000000001 0.7700363457155178 0.8707767328456983 0.817313979338302640
42 77.652 0.7698940625769894 0.8710194411539266 0.817340700297512240
43 77.668 0.769941484447182 0.8712015611931977 0.817447601608736940
44 77.652 0.7697992363591575 0.8711408460519897 0.817340700297511940
46 77.668 0.7697992363591575 0.8713837574067619 0.817447601608736840
47 77.676 0.7701786814540974 0.8710194411539266 0.817501062751381740
48 77.67999999999999 0.7701786814540974 0.8710801393728222 0.817527795945062140
49 77.668 0.7700363457155178 0.8710801393728222 0.81744760160873740
50 77.668 0.7711765068788945 0.8696257130930848 0.81744760160873740
51 77.644 0.7710813645055826 0.8693837807761858 0.817287260126189140
52 77.676 0.7717478545409644 0.8690211345939933 0.817501062751381740
53 77.668 0.7727975270479135 0.8675735702387563 0.817447601608736940
54 77.672 0.7724632307502163 0.8680555555555556 0.81747433130599740
55 77.676 0.7725109696557692 0.8680555555555556 0.817501062751381640
56 77.664 0.7724154977445468 0.8679952781056871 0.817420873659429740
57 77.732 0.7734669884289338 0.867694016382063 0.817875486635914540
58 77.704 0.7722723341159027 0.8687795385043091 0.817688231830967640
59 77.7 0.7725109696557692 0.8684173961372794 0.817661488143908540
60 77.668 0.7711289327575571 0.8696862172128296 0.81744760160873740
61 77.688 0.7715573112770817 0.8694442512346109 0.817581267577997340
62 77.688 0.7715096901617085 0.8695047301057318 0.817581267577997440
63 77.668 0.7712240868706811 0.8695652173913043 0.817447601608736840
64 77.684 0.7711765068788945 0.8698677800974252 0.817554530887210240
65 77.672 0.7707485509927241 0.8702311333890281 0.817474331305996940
66 77.676 0.7707485509927241 0.8702917217851424 0.817501062751381640
67 77.67999999999999 0.7709862456053784 0.8700494188069883 0.817527795945062240
68 77.672 0.7710813645055826 0.8698072507132419 0.817474331305996940
69 77.688 0.7710813645055826 0.8700494188069883 0.817581267577997240
70 77.688 0.7712240868706811 0.8698677800974252 0.817581267577997240
71 77.696 0.7711765068788945 0.8700494188069883 0.817634746206174840
72 77.684 0.7709386949549771 0.8701705534284719 0.817554530887210140
73 77.712 0.771033802121885 0.8704735376044568 0.817741724453748540
74 77.696 0.7711289327575571 0.8701099819017124 0.817634746206174740
75 77.696 0.7711765068788945 0.8700494188069883 0.817634746206174840
76 77.67999999999999 0.7709862456053784 0.8700494188069883 0.817527795945062240
77 77.708 0.7711289327575571 0.8702917217851424 0.817714977267523640
78 77.728 0.7713192644699494 0.8703523186185768 0.8178487306987740
79 77.732 0.7716525711463671 0.869988864142539 0.817875486635914540
80 77.728 0.7715573112770817 0.8700494188069883 0.8178487306987740
81 77.732 0.7715573112770817 0.8701099819017124 0.817875486635914640
82 77.72 0.7716049382716049 0.8698677800974252 0.817795224075891340
83 77.664 0.7659313725490197 0.8763320246775098 0.817420873659429840
84 77.672 0.7657906022177295 0.8766393155200224 0.817474331305996940
85 77.668 0.7657436902719922 0.8766393155200224 0.817447601608736940
86 77.668 0.7658844433551866 0.8764549151591642 0.817447601608736840
87 77.668 0.7658844433551866 0.8764549151591642 0.817447601608736840
88 77.69200000000001 0.7663070132417852 0.8762705923589205 0.817608006017594940
89 77.66 0.7656498836212177 0.8766393155200224 0.817394147457904240
90 77.668 0.7657436902719922 0.8766393155200224 0.817447601608736940
91 77.672 0.7657906022177295 0.8766393155200224 0.817474331305996940
92 77.668 0.7657436902719922 0.8766393155200224 0.817447601608736940
93 77.656 0.7657906022177295 0.8763934656103204 0.817367423003988740
94 77.668 0.7656967840735069 0.8767007995511292 0.81744760160873740
95 77.672 0.7656967840735069 0.8767622922073367 0.81747433130599740
96 77.67999999999999 0.7657906022177295 0.8767622922073367 0.817527795945062140
97 77.672 0.7657436902719922 0.8767007995511292 0.817474331305997140
98 77.7 0.766119146849718 0.8766393155200224 0.817661488143908440
100 77.672 0.7656029889140687 0.876885303402315 0.81747433130599740
