1 77.536 0.7568418503269557 0.8865248226950354 0.816566501175855850
2 78.008 0.7602481449945262 0.8892999430848036 0.819725883664502650
3 78.068 0.7579892062337032 0.8933676386506575 0.820129252370173550
4 78.152 0.7706060045619876 0.8777473492030055 0.820694635939859650
5 78.312 0.7730364873222016 0.8770698849284311 0.821773716389455150
6 78.25999999999999 0.7720338459638071 0.8775624824487503 0.82142270412354250
7 78.292 0.7754342431761787 0.8736981896973509 0.821638676175764850
8 78.10000000000001 0.7665889856494542 0.8822076363893006 0.820344544708777750
9 78.104 0.7643857396196416 0.8852064301395085 0.820371464198989350
10 78.168 0.7653686015184913 0.8848931049129265 0.82080241644231450
11 78.188 0.7650407001652488 0.8856454584100892 0.82093718188684250
12 78.248 0.7660252481921804 0.8852691218130312 0.821341743872790650
13 78.276 0.7688995509626623 0.881896430083251 0.821530675955440250
14 78.46 0.7757229738115924 0.875902179244622 0.822774395260819550
15 78.4 0.7759155803848541 0.8747375787263821 0.822368421052631550
16 78.412 0.771366862079605 0.8807779030439684 0.822449583840510550
17 78.496 0.7732755954222085 0.879600309619309 0.823018172241243150
18 78.46 0.7728453072832941 0.879600309619309 0.822774395260819450
19 78.524 0.774233508826262 0.8787964004499438 0.823207876452961950
20 78.496 0.7729408854810784 0.8800337932976626 0.823018172241243150
21 78.492 0.7734191312956318 0.8793527963418923 0.822991078776706150
22 78.512 0.7734669884289338 0.879600309619309 0.823126563940471650
23 78.52 0.773706362961129 0.8794146616012383 0.823180770497201350
24 78.52799999999999 0.7740896705474363 0.8790436005625879 0.823234984193888350
25 78.5 0.7738979692917286 0.8788581874428743 0.823045267489712150
26 78.51599999999999 0.7743774005699418 0.8784875957551479 0.823153666326429750
27 78.53999999999999 0.7791560182010846 0.872783130847647 0.823316318129425350
28 78.53999999999999 0.7789132602193419 0.8730879374170566 0.823316318129425250
29 78.492 0.7739458857036716 0.8786728525235484 0.82299107877670650
30 78.52799999999999 0.7743774005699418 0.8786728525235484 0.823234984193888450
31 78.60000000000001 0.779690618762475 0.8730269590724962 0.823723228995057650
32 78.556 0.7794961336991768 0.8726003490401396 0.823424788379829550
33 78.58000000000001 0.7798852008984277 0.8724785370279892 0.82358754735628450
34 78.556 0.779836546259904 0.8721741557354172 0.823424788379829550
35 78.52 0.7794961336991768 0.8720524626761545 0.823180770497201150
36 78.524 0.7800312012480499 0.8714445064138315 0.823207876452961850
37 78.532 0.779836546259904 0.8718091784070303 0.823262093720156850
38 78.53999999999999 0.7801285651875429 0.8715660298424208 0.823316318129425450
39 78.5 0.779010345257385 0.8723567590201688 0.82304526748971250
40 78.484 0.7786221502429301 0.8726003490401396 0.822936897198722950
41 78.488 0.779010345257385 0.8721741557354172 0.822963987095924750
42 78.50399999999999 0.7791560182010846 0.8722350150024423 0.823072364522288850
43 78.556 0.7793989275470757 0.872722195070865 0.823424788379829450
44 78.568 0.779690618762475 0.872539438782633 0.823506159826075450
45 78.548 0.7795447458684128 0.8724176437744277 0.823370549682178950
46 78.548 0.7794475275924425 0.872539438782633 0.823370549682178950
47 78.568 0.779836546259904 0.8723567590201688 0.823506159826075450
48 78.544 0.7795933641012848 0.8722958827634334 0.823343433012778350
49 78.548 0.7797392551930634 0.8721741557354172 0.82337054968217950
50 78.52799999999999 0.779836546259904 0.8717483785480159 0.823234984193888450
51 78.556 0.7807620237351656 0.8710194411539266 0.823424788379829450
52 78.556 0.7808107939284152 0.870958751393534 0.823424788379829550
53 78.548 0.781983109164842 0.8693837807761858 0.823370549682178950
54 78.536 0.7816408204102051 0.8696257130930848 0.823289205031943750
55 78.544 0.781787478891738 0.8695652173913043 0.823343433012778250
56 78.536 0.781787478891738 0.8694442512346109 0.823289205031943750
57 78.55199999999999 0.781934192418366 0.8695047301057318 0.823397668137803850
58 78.55199999999999 0.7801772562726251 0.8716875871687587 0.823397668137803950
59 78.556 0.7803720814084155 0.871505263891794 0.823424788379829450
60 78.568 0.780615749703366 0.8713837574067619 0.823506159826075650
61 78.572 0.7807132596340016 0.8713230168688136 0.823533287215469450
62 78.58800000000001 0.7806645016237822 0.8716268042674848 0.823641814647646250
63 78.56 0.7804208028969221 0.871505263891794 0.823451910408432250
64 78.56400000000001 0.7801285651875429 0.8719308035714286 0.823479034223788850
65 78.584 0.7802259534361151 0.8721133049605805 0.823614680108058350
66 78.58800000000001 0.7800312012480499 0.8724176437744277 0.823641814647646150
67 78.556 0.7799825283913641 0.8719916288803627 0.823424788379829550
68 78.56 0.7803233660028716 0.8716268042674848 0.823451910408432250
69 78.56 0.7803720814084155 0.8715660298424208 0.82345191040843250
70 78.548 0.7801285651875429 0.8716875871687587 0.82337054968217950
71 78.53999999999999 0.779836546259904 0.8719308035714286 0.823316318129425350
72 78.544 0.779836546259904 0.8719916288803627 0.823343433012778250
73 78.544 0.7799825283913641 0.8718091784070303 0.823343433012778350
74 78.55199999999999 0.7800798801797304 0.8718091784070303 0.823397668137803850
75 78.508 0.7754342431761787 0.8770083491194837 0.8230994633391550
76 78.508 0.7754342431761787 0.8770083491194837 0.8230994633391550
77 78.488 0.7751937984496124 0.8770083491194837 0.822963987095924850
78 78.52 0.7756748371082842 0.876885303402315 0.823180770497201250
79 78.52799999999999 0.775819265143992 0.8768237934904601 0.823234984193888250
80 78.53999999999999 0.7759155803848541 0.876885303402315 0.823316318129425350
81 78.58800000000001 0.7763975155279503 0.8770083491194837 0.823641814647646150
82 78.55199999999999 0.7761082826275922 0.8768237934904601 0.823397668137803850
83 78.55199999999999 0.7762528721356269 0.8766393155200224 0.823397668137803850
84 78.56 0.7760119195430841 0.8770698849284311 0.82345191040843250
85 78.572 0.7760600980939965 0.8771929824561403 0.823533287215469450
86 78.584 0.7760119195430841 0.8774392812017409 0.823614680108058250
87 78.57600000000001 0.7760600980939965 0.8772545441785389 0.823560416392146550
88 78.56 0.7760600980939965 0.8770083491194837 0.823451910408432150
89 78.568 0.7759637469737414 0.8772545441785389 0.823506159826075450
90 78.572 0.7760119195430841 0.8772545441785389 0.823533287215469350
91 78.568 0.7759637469737414 0.8772545441785389 0.823506159826075450
92 78.568 0.7760119195430841 0.8771929824561403 0.823506159826075450
93 78.568 0.7760119195430841 0.8771929824561403 0.823506159826075450
94 78.556 0.775819265143992 0.8772545441785389 0.823424788379829450
95 78.55199999999999 0.775819265143992 0.8771929824561403 0.823397668137803850
96 78.544 0.7759155803848541 0.8769468219447173 0.823343433012778350
97 78.56 0.7759637469737414 0.8771314293733773 0.823451910408432150
98 78.572 0.7759637469737414 0.8773161145423919 0.823533287215469350
99 78.57600000000001 0.7761082826275922 0.8771929824561403 0.823560416392146450
100 78.52799999999999 0.7755304628365802 0.8771929824561403 0.823234984193888350
