1 77.472 0.7558350465594389 0.8869022278983965 0.816139984330112350
2 77.92 0.7588174588720937 0.8898697230725422 0.8191349934469250
3 77.936 0.7562008469449486 0.8937508937508938 0.819242364661161450
4 78.084 0.7689468503937008 0.8788581874428743 0.820236884412218250
5 78.188 0.7707960781895542 0.8780556336049452 0.820937181886842150
6 78.184 0.7702736011831403 0.8786728525235484 0.820910225257765850
7 78.208 0.7736584762022652 0.8746763697431951 0.821071991592222850
8 78.044 0.766119146849718 0.8819586537783108 0.819967857259995350
9 77.972 0.7641988139634407 0.8833922261484098 0.819484052840331850
10 78.216 0.7684741177917128 0.8815232722143864 0.821125927872298550
11 78.152 0.7648066568771414 0.8853945318033716 0.820694635939859550
12 78.164 0.7654623392529087 0.8847052162219549 0.820775468662792650
13 78.268 0.7727497527200792 0.8767622922073367 0.821476686491637450
14 78.352 0.7740896705474363 0.8763320246775098 0.822043930027620650
15 78.33200000000001 0.774233508826262 0.8758408071748879 0.821908800999441250
16 78.35600000000001 0.7704635108481263 0.8810883202932261 0.822070961165367750
17 78.43599999999999 0.7717002099024571 0.8807158458394984 0.82261195748741450
18 78.42 0.7723200494284832 0.8796622097114708 0.822503701266655750
19 78.44800000000001 0.7726064651709006 0.8797241185164333 0.822693168355930150
20 78.392 0.7712716727340039 0.8805917576611483 0.822314321426222150
21 78.396 0.7714620749243967 0.8804056909423863 0.822341370349659650
22 78.456 0.7720338459638071 0.8805917576611483 0.822747317843743950
23 78.452 0.7720338459638071 0.8805297266835729 0.822720242208839350
24 78.496 0.7729408854810784 0.8800337932976626 0.823018172241243150
25 78.464 0.7725587144622992 0.8800337932976626 0.822801474460242250
26 78.512 0.7777501244400199 0.8741258741258742 0.823126563940471650
27 78.468 0.7774598830700336 0.8738203425375742 0.82282855544218850
28 78.46 0.7770732313813253 0.8741870060843415 0.822774395260819450
29 78.468 0.7770249269596569 0.8743704532736429 0.82282855544218850
30 78.5 0.7775566061209256 0.8741870060843415 0.823045267489711950
31 78.532 0.777992157839049 0.8741258741258742 0.823262093720156850
32 78.52 0.7782827968370587 0.873576071004263 0.823180770497201250
33 78.492 0.7781374501992032 0.8733319360022357 0.822991078776706150
34 78.468 0.7779437391087877 0.8732099196646874 0.822828555442187950
35 78.468 0.7786706534604124 0.8722958827634334 0.822828555442188150
36 78.44800000000001 0.7782827968370587 0.8724785370279892 0.822693168355930150
37 78.452 0.7782343419250405 0.8726003490401396 0.822720242208839250
38 78.452 0.7783312577833126 0.8724785370279892 0.822720242208839350
39 78.424 0.7780890133831311 0.8723567590201688 0.822530762650523250
40 78.416 0.7779437391087877 0.8724176437744277 0.822476641663376850
41 78.44800000000001 0.7777017358302744 0.8732099196646874 0.8226931683559350
42 78.46 0.7777501244400199 0.8733319360022357 0.822774395260819450
43 78.468 0.7777985190716197 0.873392956959195 0.82282855544218850
44 78.472 0.7777501244400199 0.8735150244584207 0.822855638206832950
45 78.464 0.7777017358302744 0.8734539864439941 0.822801474460242150
46 78.5 0.777992157839049 0.87363712608331 0.82304526748971250
47 78.46 0.7777985190716197 0.8732709235713287 0.822774395260819550
48 78.476 0.7778469197261979 0.8734539864439941 0.82288272275435350
49 78.472 0.7787191627211563 0.8722958827634334 0.82285563820683350
50 78.444 0.7787676780262912 0.8718091784070303 0.822666096284839950
51 78.42 0.7795933641012848 0.8704129238910939 0.822503701266655750
52 78.464 0.7802259534361151 0.8702917217851424 0.822801474460242250
53 78.47999999999999 0.7804208028969221 0.8702917217851424 0.822909809084924350
54 78.496 0.7805182641273806 0.8704129238910939 0.823018172241243150
55 78.536 0.78125 0.8701099819017124 0.823289205031943650
56 78.488 0.7802259534361151 0.8706554294072578 0.822963987095924750
57 78.548 0.7813476684585573 0.8701705534284719 0.823370549682178950
58 78.51599999999999 0.7807620237351656 0.8704129238910939 0.8231536663264350
59 78.52 0.7803233660028716 0.8710194411539266 0.823180770497201250
60 78.572 0.7801285651875429 0.8720524626761545 0.823533287215469350
61 78.508 0.7790588968526021 0.8724176437744277 0.8230994633391550
62 78.512 0.7790588968526021 0.8724785370279892 0.823126563940471650
63 78.476 0.7785736530675802 0.872539438782633 0.822882722754352950
64 78.5 0.7787191627211563 0.872722195070865 0.82304526748971250
65 78.484 0.7784281977830365 0.872844075134418 0.822936897198722850
66 78.46 0.7780890133831311 0.8729050279329609 0.822774395260819450
68 78.492 0.7786706534604124 0.8726612678022898 0.822991078776706150
69 78.5 0.7786706534604124 0.872783130847647 0.823045267489712150
70 78.484 0.7785736530675802 0.8726612678022898 0.822936897198722950
71 78.50399999999999 0.778816199376947 0.8726612678022898 0.823072364522288750
72 78.50399999999999 0.7787676780262912 0.872722195070865 0.823072364522288850
73 78.508 0.7788647267742539 0.8726612678022898 0.823099463339149950
74 78.508 0.7791074545001246 0.8723567590201688 0.8230994633391550
75 78.5 0.7790588968526021 0.8722958827634334 0.82304526748971250
76 78.50399999999999 0.7790588968526021 0.8723567590201688 0.823072364522288850
77 78.532 0.7792045879566138 0.8726003490401396 0.823262093720156850
78 78.56 0.7796419883989272 0.8724785370279892 0.823451910408432250
79 78.55199999999999 0.7796419883989272 0.8723567590201688 0.823397668137803850
80 78.536 0.7796419883989272 0.8721133049605805 0.823289205031943650
81 78.544 0.7795933641012848 0.8722958827634334 0.823343433012778350
82 78.55199999999999 0.7795447458684128 0.8724785370279892 0.823397668137803750
83 78.484 0.7745693394472674 0.8777473492030055 0.822936897198722950
84 78.476 0.7742814667988107 0.8779939594015593 0.82288272275435350
85 78.484 0.7741855567942525 0.8782407082133071 0.822936897198722950
86 78.544 0.7792045879566138 0.872783130847647 0.823343433012778350
87 78.488 0.7743294307130025 0.8781173164734809 0.822963987095924750
88 78.508 0.7748093968883655 0.8778089887640449 0.823099463339149950
89 78.476 0.7740896705474363 0.8782407082133071 0.822882722754353150
91 78.492 0.7743294307130025 0.8781790080089925 0.822991078776706150
92 78.492 0.774233508826262 0.8783024170882519 0.82299107877670650
93 78.496 0.7743774005699418 0.8781790080089925 0.823018172241243150
94 78.484 0.774233508826262 0.8781790080089925 0.822936897198722650
95 78.5 0.7743294307130025 0.8783024170882519 0.82304526748971250
96 78.496 0.7743294307130025 0.8782407082133071 0.823018172241243250
97 78.492 0.7742814667988107 0.8782407082133071 0.82299107877670650
98 78.524 0.7747133560582584 0.8781790080089925 0.823207876452961850
99 78.496 0.7743294307130025 0.8782407082133071 0.823018172241243250
100 78.492 0.774233508826262 0.8783024170882519 0.82299107877670650
