1 77.79599999999999 0.759093945466691 0.8875319511502414 0.818303819842230960
2 78.376 0.7641988139634407 0.8897430422094099 0.822206143524304460
3 78.288 0.7590478503764877 0.8954154727793696 0.821611673458656460
4 78.428 0.7702736011831403 0.8824567596187787 0.822557825815154760
5 78.62 0.7751457273967506 0.8791054223222449 0.823858955346844760
6 78.61200000000001 0.7743774005699418 0.8799718409010912 0.823804659439153860
7 78.56400000000001 0.771366862079605 0.8831425745372333 0.823479034223788860
8 78.51599999999999 0.7717955050629786 0.8818342151675485 0.823153666326429860
9 78.464 0.7696570408226094 0.8838294562681185 0.822801474460242260
10 78.4 0.766353994237018 0.8872169777840869 0.822368421052631660
11 78.36 0.7645727567435318 0.8889837138183628 0.822097994080894560
12 78.484 0.7658844433551866 0.8891734243846919 0.822936897198722960
13 78.608 0.7726064651709006 0.8822076363893006 0.823777514168973260
14 78.744 0.7741855567942525 0.8822699040090345 0.82470145807217860
15 78.61200000000001 0.7707960781895542 0.8846426043878273 0.823804659439153860
16 78.61200000000001 0.7706060045619876 0.8848931049129265 0.823804659439153860
17 78.744 0.7724632307502163 0.8845174073025757 0.824701458072177960
18 78.768 0.7736584762022652 0.8833298000141333 0.824864722185561660
19 78.864 0.7776049766718507 0.8797241185164333 0.825518425571258960
20 78.884 0.7773148436042535 0.8804056909423863 0.825654744212160360
21 78.82000000000001 0.7763492950748401 0.8806537973791743 0.82521868295098260
22 78.888 0.7779437391087877 0.8796622097114708 0.825682013343021360
23 78.876 0.7777985190716197 0.8796622097114708 0.825600211353654160
24 78.89200000000001 0.7782827968370587 0.8792909397861565 0.825709284275192460
25 78.904 0.7783312577833126 0.8794146616012383 0.825791107881350460
26 78.876 0.777992157839049 0.8794146616012383 0.825600211353654160
27 78.84400000000001 0.7776533532412592 0.8793527963418923 0.825382151936346560
28 78.876 0.7785736530675802 0.8786728525235484 0.82560021135365460
29 78.8 0.777121541809139 0.8793527963418923 0.82508250825082560
30 78.792 0.777121541809139 0.8792290919321939 0.825028050953732460
31 78.828 0.7784281977830365 0.8781173164734809 0.825273165417753360
32 78.864 0.7790588968526021 0.8778706369829342 0.825518425571258860
33 78.84400000000001 0.7791074545001246 0.8775008775008775 0.825382151936346560
34 78.89200000000001 0.7795933641012848 0.8776240960471811 0.825709284275192460
35 78.864 0.779010345257385 0.8779322938614974 0.825518425571258860
36 78.84400000000001 0.7787676780262912 0.8779322938614974 0.825382151936346660
37 78.82000000000001 0.7784766768387619 0.8779322938614974 0.825218682950982160
38 78.89200000000001 0.7836499279042066 0.872539438782633 0.825709284275192560
39 78.808 0.778816199376947 0.8773161145423919 0.825136972737474460
40 78.8 0.7784281977830365 0.8776857182979918 0.825082508250825160
41 78.872 0.7835516830690152 0.8723567590201688 0.825572947625652360
42 78.85600000000001 0.7836499279042066 0.8719916288803627 0.825463910717823460
43 78.78399999999999 0.7784766768387619 0.8773776935495192 0.824973600844772960
44 78.84400000000001 0.7829136915946386 0.872722195070865 0.825382151936346660
45 78.828 0.7792531637678449 0.8770698849284311 0.825273165417753360
46 78.88 0.7839939789262419 0.8719308035714286 0.825627476882430860
47 78.896 0.7840923347133358 0.8720524626761545 0.82573655700885260
48 78.888 0.7840431537351816 0.8719916288803627 0.825682013343021460
49 78.89200000000001 0.7840923347133358 0.8719916288803627 0.825709284275192460
50 78.936 0.7847815168257157 0.8718091784070303 0.826009383466596260
51 78.94 0.7847322493565195 0.8719308035714286 0.826036676028415760
52 78.944 0.7850279469949131 0.8716268042674848 0.826063970393867460
53 78.936 0.7850279469949131 0.871505263891794 0.826009383466596260
54 78.92399999999999 0.7851265624018592 0.8712015611931977 0.82592751660114360
55 78.936 0.785323867562983 0.8711408460519897 0.826009383466596260
56 78.912 0.7848800703252543 0.8713230168688136 0.82584566596194560
57 78.92399999999999 0.785175879396985 0.8711408460519897 0.825927516601143360
58 78.92399999999999 0.7850772516015576 0.8712622847982157 0.825927516601143260
59 78.94 0.7850772516015576 0.871505263891794 0.826036676028415860
60 78.94 0.7852252025881022 0.8713230168688136 0.826036676028415660
61 78.92 0.7849786485807586 0.8713230168688136 0.825900231252064760
62 78.94 0.7849786485807586 0.8716268042674848 0.826036676028415760
63 78.88 0.779690618762475 0.8773161145423919 0.825627476882430560
64 78.86800000000001 0.7795447458684128 0.8773161145423919 0.825545685698246560
65 78.852 0.7793503335619427 0.8773161145423919 0.825436655991019360
66 78.86 0.7793989275470757 0.8773776935495192 0.825491167244510760
67 78.84 0.7793503335619427 0.8771314293733773 0.825354902608121560
68 78.848 0.7795933641012848 0.8769468219447173 0.825409403063919660
69 78.82000000000001 0.779690618762475 0.8763934656103204 0.82521868295098260
70 78.816 0.779690618762475 0.8763320246775098 0.825191444415104360
71 78.808 0.7787676780262912 0.8773776935495192 0.825136972737474460
72 78.848 0.7787191627211563 0.8780556336049452 0.825409403063919660
73 78.82400000000001 0.779010345257385 0.8773161145423919 0.825245923285138960
74 78.852 0.7789132602193419 0.8778706369829342 0.825436655991019260
75 78.86 0.7788647267742539 0.8780556336049452 0.825491167244510460
76 78.84 0.778816199376947 0.8778089887640449 0.825354902608121560
77 78.816 0.7784766768387619 0.8778706369829342 0.825191444415104460
78 78.82400000000001 0.779690618762475 0.8764549151591642 0.825245923285138860
79 78.888 0.7800798801797304 0.8769468219447173 0.825682013343021460
80 78.876 0.779836546259904 0.8770698849284311 0.82560021135365460
81 78.86800000000001 0.7794475275924425 0.8774392812017409 0.825545685698246660
82 78.816 0.7785251619332337 0.8778089887640449 0.825191444415104360
83 78.848 0.7786706534604124 0.8781173164734809 0.825409403063919760
84 78.876 0.778961799713342 0.8781790080089925 0.825600211353654160
85 78.876 0.7789132602193419 0.8782407082133071 0.825600211353654160
86 78.89200000000001 0.7797392551930634 0.8774392812017409 0.825709284275192460
87 78.908 0.7793503335619427 0.8781790080089925 0.825818386020546460
88 78.948 0.7805182641273806 0.8773161145423919 0.826091266563129960
89 78.912 0.7793503335619427 0.8782407082133071 0.82584566596194560
90 78.944 0.7802746566791511 0.8775624824487503 0.826063970393867360
91 78.96 0.7807620237351656 0.8771929824561403 0.826173165895571760
92 78.936 0.7804208028969221 0.8772545441785389 0.826009383466596160
93 78.948 0.779836546259904 0.8781790080089925 0.8260912665631360
94 78.912 0.7794961336991768 0.8780556336049452 0.82584566596194560
95 78.884 0.7791074545001246 0.8781173164734809 0.825654744212160160
96 78.9 0.7798852008984277 0.8773776935495192 0.825763831544178360
97 78.92399999999999 0.7800798801797304 0.8775008775008775 0.82592751660114360
98 78.912 0.7799825283913641 0.8774392812017409 0.825845665961945160
99 78.928 0.7801285651875429 0.8775008775008775 0.825954803753138660
100 78.84 0.7781374501992032 0.8786728525235484 0.825354902608121560
