1 77.452 0.7579892062337032 0.8836420189452849 0.81600678917648660
2 78.176 0.7644324853228963 0.8862733976176971 0.820856317310218160
3 78.24 0.7639652854174306 0.8879102145191078 0.821287779237844960
4 78.292 0.771033802121885 0.8793527963418923 0.821638676175764960
5 78.488 0.7751457273967506 0.8770698849284311 0.822963987095924760
6 78.512 0.7748093968883655 0.8778706369829342 0.823126563940471560
7 78.424 0.7748093968883655 0.8765163733258537 0.822530762650523260
8 78.46 0.7751457273967506 0.8766393155200224 0.822774395260819460
9 78.38000000000001 0.7723677706376668 0.8789817874973631 0.822233185331359960
10 78.376 0.7714144655640582 0.8801577242641881 0.822206143524304460
11 78.372 0.7706535141800247 0.8810883202932261 0.822179103495905560
12 78.4 0.7705585008013809 0.8816476230780081 0.822368421052631660
13 78.456 0.7729886834456744 0.8793527963418923 0.822747317843743860
14 78.568 0.7762528721356269 0.876885303402315 0.823506159826075660
15 78.56 0.7764939744067586 0.8764549151591642 0.823451910408432160
16 78.58800000000001 0.7769766285430134 0.8762705923589205 0.82364181464764660
17 78.664 0.7784766768387619 0.8755340757862295 0.824157710819542460
18 78.676 0.7785736530675802 0.8755954048753152 0.824239227193300660
19 78.644 0.778816199376947 0.8747987962768563 0.824021886021292860
20 78.62400000000001 0.7794475275924425 0.8736981896973509 0.823886105984708760
21 78.652 0.7800312012480499 0.873392956959195 0.824076210567953360
22 78.7 0.7813965118459711 0.8724176437744277 0.824402308326463260
24 78.684 0.781445361340335 0.8721133049605805 0.824293580401595860
25 78.688 0.781934192418366 0.8715660298424208 0.824320759694012160
26 78.74 0.7833552672808172 0.8705947903607745 0.824674253669800560
27 78.744 0.7833552672808172 0.8706554294072578 0.824701458072177960
28 78.64 0.7815919464765835 0.8712622847982157 0.823994726433750860
29 78.704 0.7823256978345224 0.8713230168688136 0.824429494789605660
30 78.712 0.7832080200501254 0.8703523186185768 0.824483873095442260
31 78.672 0.7828646583578631 0.8701705534284719 0.82421205327706760
32 78.752 0.7842891203413226 0.8696257130930848 0.824755872261810560
33 78.736 0.7839448102853559 0.8698072507132419 0.824647051062145360
34 78.75999999999999 0.7841907151819323 0.8698677800974252 0.824810293632464560
35 78.732 0.7838956478113633 0.8698072507132419 0.824619850249035260
36 78.732 0.7843875502008032 0.8692024198595368 0.824619850249035160
37 78.716 0.783748197379146 0.8697467297522962 0.824511064938491560
38 78.736 0.7840431537351816 0.8696862172128296 0.824647051062145460
39 78.736 0.7835516830690152 0.8702917217851424 0.824647051062145460
40 78.684 0.7834534628643058 0.8696257130930848 0.824293580401595860
41 78.696 0.7837973413594181 0.8693837807761858 0.824375123656268560
42 78.688 0.7834043619954876 0.8697467297522962 0.824320759694012260
43 78.676 0.7834043619954876 0.8695652173913043 0.824239227193300660
44 78.66 0.7828156312625251 0.8700494188069883 0.82413054227789760
45 78.716 0.7838956478113633 0.8695652173913043 0.824511064938491460
46 78.72 0.7840923347133358 0.8693837807761858 0.824538258575197960
47 78.744 0.785175879396985 0.8684173961372794 0.824701458072177960
48 78.704 0.7849786485807586 0.8680555555555556 0.824429494789605660
49 78.696 0.7847815168257157 0.8681761355743853 0.824375123656268560
50 78.72 0.785175879396985 0.8680555555555556 0.824538258575197960
51 78.756 0.785175879396985 0.8685984295740393 0.824783082049421160
52 78.776 0.7855212719160435 0.8684777322309456 0.824919157922523660
53 78.752 0.785274531976379 0.8684173961372794 0.824755872261810560
54 78.72399999999999 0.785323867562983 0.8679350090265241 0.82456545400573960
55 78.728 0.7854719115244438 0.8678144959733407 0.824592651230292260
56 78.744 0.785274531976379 0.8682967490969714 0.824701458072177960
57 78.732 0.7854225573358466 0.8679350090265241 0.824619850249035260
58 78.75999999999999 0.7852252025881022 0.8685984295740393 0.824810293632464660
59 78.764 0.785323867562983 0.868538076709283 0.824837507011118860
60 78.77199999999999 0.785570638511815 0.868357068426537 0.824891939155970660
61 78.728 0.7849786485807586 0.8684173961372794 0.824592651230292260
62 78.75999999999999 0.7845844840572432 0.8693837807761858 0.824810293632464560
63 78.752 0.7845352413230402 0.8693233187287016 0.824755872261810560
64 78.74 0.7839448102853559 0.8698677800974252 0.824674253669800460
65 78.72 0.7839448102853559 0.8695652173913043 0.824538258575197860
66 78.728 0.7835025698884293 0.8702311333890281 0.824592651230292260
67 78.744 0.7832570963092925 0.8707767328456983 0.824701458072177860
68 78.74799999999999 0.7835025698884293 0.870534159760429 0.824728664269455360
69 78.74 0.7840431537351816 0.8697467297522962 0.824674253669800560
70 78.74 0.7839939789262419 0.8698072507132419 0.824674253669800460
71 78.72 0.7839448102853559 0.8695652173913043 0.824538258575197860
72 78.74 0.7836990595611285 0.8701705534284719 0.824674253669800460
73 78.732 0.7836499279042066 0.8701099819017124 0.824619850249035260
74 78.74 0.7842891203413226 0.8694442512346109 0.824674253669800460
75 78.72399999999999 0.7841907151819323 0.8693233187287016 0.824565454005739160
76 78.716 0.783846491503104 0.8696257130930848 0.824511064938491660
77 78.72 0.78315894994048 0.870534159760429 0.82453825857519860
78 78.716 0.7832570963092925 0.8703523186185768 0.824511064938491460
79 78.72399999999999 0.7834043619954876 0.8702917217851424 0.824565454005738960
80 78.72399999999999 0.783748197379146 0.8698677800974252 0.824565454005739160
81 78.74 0.783748197379146 0.8701099819017124 0.824674253669800560
82 78.752 0.7838956478113633 0.8701099819017124 0.824755872261810660
83 78.756 0.7836990595611285 0.8704129238910939 0.82478308204942160
84 78.768 0.7836499279042066 0.8706554294072578 0.824864722185561660
85 78.744 0.7835025698884293 0.8704735376044568 0.824701458072177860
87 78.712 0.7830608281651319 0.870534159760429 0.824483873095442260
88 78.708 0.78315894994048 0.8703523186185768 0.824456683045872760
89 78.704 0.7830608281651319 0.8704129238910939 0.824429494789605760
90 78.69200000000001 0.7835025698884293 0.8696862172128296 0.824347940778843960
91 78.7 0.7835025698884293 0.8698072507132419 0.824402308326463360
92 56.44 0.9949852742179416 0.5358597333561966 0.696572861521315160
93 78.69200000000001 0.7835516830690152 0.8696257130930848 0.82434794077884460
94 78.688 0.7830608281651319 0.8701705534284719 0.824320759694012260
95 78.704 0.7830117764971185 0.8704735376044568 0.824429494789605660
96 78.704 0.7827175954915466 0.8708373972411871 0.824429494789605660
97 78.72399999999999 0.7827666103074707 0.8710801393728222 0.824565454005738960
98 78.708 0.7828156312625251 0.8707767328456983 0.824456683045872860
99 78.708 0.7828156312625251 0.8707767328456983 0.824456683045872860
100 78.696 0.7822767382189123 0.8712622847982157 0.824375123656268560
