1 78.08800000000001 0.7630325967525333 0.8867763904653803 0.820263796837062970
2 78.852 0.7709386949549771 0.8882256803808711 0.825436655991019270
3 78.94 0.7677661077329402 0.8938787185354691 0.826036676028415770
4 79.22 0.7835025698884293 0.8777473492030055 0.827951647623778870
5 79.392 0.7842891203413226 0.8794146616012383 0.829132395860971170
6 79.596 0.788295390048559 0.8775624824487503 0.830537191455433470
7 79.444 0.7822277847309136 0.8828307083833604 0.82949002952984570
8 79.424 0.7830117764971185 0.8815232722143864 0.829352441613588170
9 79.4 0.7814942169427946 0.8830801836806782 0.829187396351575570
10 79.31200000000001 0.7782343419250405 0.8858965272856131 0.828582791992575970
11 79.304 0.7776533532412592 0.8865248226950354 0.828527871677603270
12 79.404 0.7780890133831311 0.8875319511502414 0.829214899333311370
13 79.488 0.7799825283913641 0.8863990923273295 0.829792883696229470
14 79.65599999999999 0.7835516830690152 0.8844548220476898 0.830951273017350370
15 79.592 0.78315894994048 0.8839544586662895 0.830509600690984170
16 79.668 0.7836499279042066 0.8845174073025757 0.831034138882425370
17 79.764 0.7857187755358602 0.8833922261484098 0.831697661266176670
18 79.752 0.7859163784973279 0.8829554284099739 0.831614663029738670
19 79.816 0.7890915977526671 0.8799718409010912 0.832057511815216770
20 79.82400000000001 0.7884445565787814 0.8809020436927414 0.832112901078418470
21 79.788 0.7879972262497636 0.8809020436927414 0.831863707450171470
22 79.856 0.7897397017942887 0.879786036036036 0.832334531895059370
23 79.768 0.7883948281299274 0.8800957544180806 0.831725331026681770
24 79.804 0.7894404446128584 0.8793527963418923 0.831974441745149770
25 79.848 0.7903888713246917 0.8788581874428743 0.832279113123377170
26 79.808 0.7895401718039414 0.8792909397861565 0.832002129925452670
27 79.792 0.7896898098426938 0.8788581874428743 0.831891388260348770
28 79.78 0.7894903050590538 0.8789199831247363 0.831808351355847570
29 79.728 0.7892410657911353 0.8784258608573436 0.831448716243182270
30 79.752 0.7897896000505465 0.8781173164734809 0.831614663029738670
31 79.77199999999999 0.7903888713246917 0.8776857182979918 0.831753002628339470
32 79.808 0.7912393973920749 0.8771929824561403 0.832002129925452570
33 79.78 0.7910391089735477 0.8770083491194837 0.831808351355847670
34 79.828 0.7914899005888685 0.8771929824561403 0.832140598475518570
35 79.784 0.7910391089735477 0.8770698849284311 0.831836028482065670
36 79.796 0.7910891715714196 0.8771929824561403 0.831919070912781670
37 79.78 0.7904388516504364 0.8777473492030055 0.831808351355847670
38 79.768 0.7905388312673919 0.8774392812017409 0.831725331026681770
39 79.804 0.7909890527115104 0.8774392812017409 0.831974441745149670
40 79.764 0.7907888909976593 0.8770698849284311 0.831697661266176570
41 79.78 0.7905888305610018 0.8775624824487503 0.831808351355847670
42 79.756 0.7904888382976032 0.8773161145423919 0.831642327267888670
43 79.75999999999999 0.7907388663967612 0.8770698849284311 0.8316699933466470
44 79.768 0.7908389219283817 0.8770698849284311 0.831725331026681970
45 79.77199999999999 0.7908389219283817 0.8771314293733773 0.831753002628339570
46 79.792 0.7913395796404153 0.8768237934904601 0.831891388260348870
47 79.852 0.7922925778031311 0.876577840112202 0.832306821586709870
48 79.812 0.7918910357934749 0.8764549151591642 0.83202981994874770
49 79.80000000000001 0.7919412062848454 0.8762091686527408 0.83194675540765470
50 79.86800000000001 0.792694527236984 0.8763320246775098 0.832417673892052170
51 79.904 0.79638124362895 0.8724176437744277 0.832667199573674370
52 79.884 0.7966857871255577 0.8717483785480159 0.832528555729461670
53 79.864 0.7927447995941147 0.8762091686527408 0.832389958047546170
54 79.86 0.7966857871255577 0.8713837574067619 0.832362244048609970
55 79.872 0.7968889455565472 0.8713230168688136 0.832445391582312270
56 79.856 0.7965842467499362 0.8714445064138315 0.832334531895059270
57 79.876 0.7966857871255577 0.8716268042674848 0.83247311111851170
58 79.88 0.7962797808638044 0.8721741557354172 0.832500832500832470
59 79.884 0.7964827322543647 0.8719916288803627 0.832528555729461570
60 79.904 0.7930968847154368 0.8763934656103204 0.832667199573674470
61 79.88 0.7931975379148423 0.875902179244622 0.832500832500832470
62 79.884 0.792694527236984 0.876577840112202 0.832528555729461570
63 79.888 0.7923930269413629 0.8770083491194837 0.832556280804582370
64 79.856 0.7921419518377694 0.8768237934904601 0.832334531895059370
65 79.84400000000001 0.7914899005888685 0.8774392812017409 0.832251406504877170
66 79.864 0.7913395796404153 0.8779322938614974 0.832389958047546170
67 79.852 0.791690417379188 0.8773161145423919 0.832306821586709770
68 79.852 0.7916402786573781 0.8773776935495192 0.832306821586709770
69 79.848 0.7921419518377694 0.8767007995511292 0.832279113123377170
70 79.812 0.7913896802785692 0.8770698849284311 0.832029819948746970
71 79.848 0.791690417379188 0.8772545441785389 0.83227911312337770
72 79.848 0.7916402786573781 0.8773161145423919 0.83227911312337770
73 79.848 0.7918408716584315 0.8770698849284311 0.83227911312337770
74 79.82400000000001 0.7916402786573781 0.8769468219447173 0.832112901078418470
75 79.812 0.7912393973920749 0.8772545441785389 0.83202981994874770
76 79.82000000000001 0.7913896802785692 0.8771929824561403 0.832085205525045670
77 79.808 0.790688848124486 0.8778706369829342 0.832002129925452670
78 79.808 0.7910391089735477 0.8774392812017409 0.832002129925452770
79 79.816 0.791590146285859 0.876885303402315 0.832057511815216770
80 79.816 0.7913395796404153 0.8771929824561403 0.832057511815216770
81 79.83200000000001 0.7911893157794797 0.8776240960471811 0.832168297716530170
82 79.83200000000001 0.7912393973920749 0.8775624824487503 0.832168297716530170
83 79.82000000000001 0.7911893157794797 0.8774392812017409 0.832085205525045870
84 79.808 0.7909890527115104 0.8775008775008775 0.832002129925452570
85 79.82000000000001 0.7912393973920749 0.8773776935495192 0.83208520552504670
86 79.84 0.7915400202634245 0.8773161145423919 0.832223701731025370
87 79.83200000000001 0.791590146285859 0.8771314293733773 0.832168297716530170
88 79.856 0.7917405624524956 0.8773161145423919 0.832334531895059170
89 79.83200000000001 0.7916402786573781 0.8770698849284311 0.832168297716530270
90 79.792 0.7908889591901297 0.8773776935495192 0.831891388260348770
91 79.852 0.7919913831337515 0.8769468219447173 0.832306821586709970
92 79.84400000000001 0.7918408716584315 0.8770083491194837 0.83225140650487770
93 79.82000000000001 0.7914397872609852 0.8771314293733773 0.832085205525045770
94 79.796 0.7909390027841053 0.8773776935495192 0.831919070912781770
95 79.808 0.7908889591901297 0.8776240960471811 0.832002129925452670
96 79.796 0.7906388361796332 0.8777473492030055 0.831919070912781770
97 79.788 0.7904888382976032 0.8778089887640449 0.831863707450171470
98 79.804 0.7905388312673919 0.8779939594015593 0.831974441745149770
99 79.808 0.7907388663967612 0.8778089887640449 0.832002129925452670
100 79.788 0.7907888909976593 0.8774392812017409 0.831863707450171470
