1 77.628 0.7572544980917186 0.887405934970893 0.817180400745268570
2 78.452 0.7660252481921804 0.8884782145141801 0.822720242208839370
3 78.47999999999999 0.7649938800489596 0.8903133903133903 0.822909809084924370
4 78.62400000000001 0.7733712800841428 0.8814611099358296 0.823886105984708770
5 78.852 0.7772181806876827 0.8800337932976626 0.825436655991019270
6 78.952 0.7782827968370587 0.8802197028378284 0.826118564536382270
7 78.88 0.7781858930461308 0.8792290919321939 0.825627476882430570
8 78.89200000000001 0.7783797247649293 0.8791672527781685 0.825709284275192370
9 78.876 0.7778953264048789 0.8795384182381086 0.825600211353654170
10 78.82400000000001 0.7742814667988107 0.8833922261484098 0.82524592328513970
11 78.804 0.7738021542651975 0.8837044892188052 0.825109739595366270
12 78.876 0.7747133560582584 0.8836420189452849 0.82560021135365470
13 78.956 0.7765422128346897 0.882519062411748 0.826145864313803270
14 79.108 0.7803233660028716 0.8800337932976626 0.827184594514111670
15 79.06400000000001 0.7799825283913641 0.879786036036036 0.826883640934047870
16 79.12 0.7802746566791511 0.8802816901408451 0.82726671078755870
17 79.2 0.7820320320320321 0.8792909397861565 0.827814569536423870
18 79.208 0.781934192418366 0.8795384182381086 0.827869395324193770
19 79.244 0.7832080200501254 0.8784875957551479 0.828116201265361670
20 79.21199999999999 0.7839448102853559 0.8770698849284311 0.827896810941484370
21 79.228 0.7846829880728186 0.8763934656103204 0.828006491570893870
22 79.228 0.7847322493565195 0.8763320246775098 0.828006491570893870
23 79.232 0.785274531976379 0.875718088832843 0.828033916269210470
24 79.21199999999999 0.7854225573358466 0.875227559165383 0.827896810941484370
25 79.28 0.7868563515044693 0.874492794179376 0.828363154406891970
26 79.252 0.7865097841817152 0.874492794179376 0.828171067015602770
27 79.244 0.7865592751069721 0.8743092956564315 0.828116201265361770
28 79.188 0.785323867562983 0.874982500349993 0.827732344469092670
29 79.216 0.7859657947686117 0.8746151693254968 0.827924228374619270
30 79.21199999999999 0.7866087722610282 0.8737592618481755 0.827896810941484370
31 79.184 0.7864108210128972 0.873576071004263 0.827704939743080570
32 79.24799999999999 0.7876496534341525 0.8730269590724962 0.828143633231747970
33 79.24 0.7870545271376401 0.87363712608331 0.828088771116263870
34 79.276 0.7875007875007874 0.87363712608331 0.82833570789569670
35 79.228 0.7876496534341525 0.872722195070865 0.828006491570893970
36 79.24799999999999 0.7876992879198437 0.872965989245059 0.828143633231747870
37 79.228 0.7870545271376401 0.8734539864439941 0.828006491570893970
38 79.232 0.7872528026199773 0.8732709235713287 0.828033916269210370
39 79.24 0.7869554268446235 0.8737592618481755 0.828088771116263770
40 79.204 0.7872528026199773 0.872844075134418 0.827841981522566970
41 79.224 0.7872528026199773 0.8731489242805253 0.827979068689143470
42 76.232 0.9050756643255377 0.729671356021248 0.807963286148277570
43 79.2 0.7869554268446235 0.8731489242805253 0.827814569536423770
44 79.208 0.7871040866444179 0.8730879374170566 0.827869395324193670
45 79.21199999999999 0.7875504032258065 0.8726003490401396 0.827896810941484370
46 79.24799999999999 0.7877985756601752 0.872844075134418 0.828143633231747870
47 79.304 0.7889919838414442 0.8722350150024423 0.828527871677603370
48 79.24799999999999 0.7886435331230284 0.8718091784070303 0.828143633231747870
49 79.232 0.7885440322987636 0.8716875871687587 0.828033916269210470
50 79.292 0.7892909010544926 0.8716875871687587 0.828445504854690670
51 79.352 0.793298216665609 0.8677542519958348 0.828857502818115570
52 79.304 0.7894903050590538 0.8716268042674848 0.828527871677603170
54 79.316 0.7936507936507936 0.8667914846404549 0.828610254880514470
55 79.292 0.7933485656257934 0.8667914846404549 0.828445504854690770
56 79.316 0.7933485656257934 0.8671522719389525 0.828610254880514470
57 79.3 0.7934492827218484 0.8667914846404549 0.82850041425020770
58 79.296 0.7891912368205063 0.8718699867475762 0.828472958642629970
59 79.292 0.7892410657911353 0.8717483785480159 0.828445504854690770
60 79.316 0.7896898098426938 0.8715660298424208 0.828610254880514570
61 79.296 0.7894404446128584 0.8715660298424208 0.828472958642629970
62 79.31200000000001 0.7888426101224284 0.872539438782633 0.828582791992575870
63 79.31200000000001 0.7886435331230284 0.872783130847647 0.828582791992575970
64 79.28399999999999 0.7882456804136714 0.872844075134418 0.828390602737002570
65 79.288 0.7881959770477331 0.872965989245059 0.828418052886208570
66 79.28399999999999 0.788046904551759 0.8730879374170566 0.828390602737002570
67 79.28 0.7873519778281683 0.8738814317673378 0.82836315440689270
68 79.268 0.7877489286614571 0.8732099196646874 0.828280820329324670
69 79.288 0.7880965891179623 0.8730879374170566 0.828418052886208470
70 79.28399999999999 0.7883948281299274 0.8726612678022898 0.828390602737002670
71 79.276 0.7880965891179623 0.8729050279329609 0.828335707895695970
72 79.28399999999999 0.7876992879198437 0.8735150244584207 0.828390602737002570
73 79.276 0.7881462799495587 0.872844075134418 0.828335707895695970
74 79.264 0.788295390048559 0.8724785370279892 0.828253379273787470
75 79.264 0.7881959770477331 0.8726003490401396 0.828253379273787570
76 79.244 0.7880965891179623 0.8724176437744277 0.828116201265361670
77 76.976 0.8910749928714 0.7472501195600191 0.812849525295877270
78 79.256 0.7875504032258065 0.8732709235713287 0.828198502617107370
79 79.24 0.787897888433659 0.8726003490401396 0.828088771116263870
80 79.252 0.7877985756601752 0.8729050279329609 0.828171067015602670
81 79.28 0.787897888433659 0.8732099196646874 0.828363154406892170
82 79.276 0.7878482289171814 0.8732099196646874 0.82833570789569670
83 79.288 0.7878482289171814 0.873392956959195 0.828418052886208570
84 79.268 0.7879475542107918 0.872965989245059 0.828280820329324470
85 79.292 0.7877489286614571 0.873576071004263 0.828445504854690770
86 79.296 0.7877985756601752 0.873576071004263 0.828472958642629970
87 79.292 0.7881959770477331 0.8730269590724962 0.828445504854690670
88 79.27199999999999 0.7876992879198437 0.8733319360022357 0.828308263203233770
89 79.264 0.7874511780269623 0.8735150244584207 0.828253379273787470
90 79.224 0.7872528026199773 0.8731489242805253 0.827979068689143470
91 79.24 0.7876496534341525 0.8729050279329609 0.828088771116263870
92 79.232 0.7876000252032008 0.872844075134418 0.828033916269210470
93 79.228 0.7875007875007874 0.8729050279329609 0.828006491570893870
94 79.228 0.7871536523929471 0.8733319360022357 0.828006491570893970
95 79.232 0.7872528026199773 0.8732709235713287 0.828033916269210370
96 79.252 0.7873519778281683 0.8734539864439941 0.828171067015602870
97 79.244 0.7873519778281683 0.8733319360022357 0.828116201265361770
98 79.24 0.7872528026199773 0.873392956959195 0.828088771116263770
99 79.23599999999999 0.7873023871008377 0.8732709235713287 0.828061342784273370
100 79.24 0.7869554268446235 0.8737592618481755 0.828088771116263770
