1 78.224 0.7695148978084215 0.8802816901408451 0.821179871238996380
2 79.00399999999999 0.774857426233573 0.885457250123964 0.826473602433138280
3 79.232 0.7768800497203232 0.8863990923273295 0.828033916269210480
4 79.43599999999999 0.7843383321829704 0.8800337932976626 0.829434988885571180
5 79.756 0.7882456804136714 0.8800957544180806 0.831642327267888780
6 79.888 0.7890915977526671 0.8810883202932261 0.832556280804582380
7 79.804 0.7883948281299274 0.8806537973791743 0.831974441745149680
8 79.848 0.7884445565787814 0.8812746756909193 0.83227911312337780
9 79.736 0.7854225573358466 0.8833298000141333 0.831504024479478680
10 79.736 0.7841907151819323 0.8848931049129265 0.831504024479478580
11 79.768 0.7850772516015576 0.8842671194114318 0.831725331026681880
12 79.808 0.7849293563579278 0.8850810734263258 0.832002129925452680
13 79.93599999999999 0.787897888433659 0.8833298000141333 0.832889125799573680
14 80.048 0.7907888909976593 0.8814611099358296 0.833666800053354780
15 80.056 0.7908889591901297 0.8814611099358296 0.833722403788434580
16 80.08800000000001 0.7904388516504364 0.882519062411748 0.833944892921475880
17 80.172 0.7924935015532872 0.8812746756909193 0.834529492272256980
18 80.172 0.792694527236984 0.8810262193402876 0.83452949227225780
19 80.164 0.7933485656257934 0.8800957544180806 0.834473780833806280
20 80.148 0.7933485656257934 0.8798479622721194 0.834362380268998480
21 80.228 0.7954690085274277 0.8784875957551479 0.834919680726714180
22 80.228 0.7953171724883884 0.8786728525235484 0.834919680726714180
23 80.188 0.7953171724883884 0.8780556336049452 0.83464093746870180
24 80.208 0.795772854596384 0.8778089887640449 0.834780285828769780
25 80.21199999999999 0.796076932874793 0.8775008775008775 0.834808161084582780
26 80.268 0.7973972952283745 0.8767622922073367 0.835198610229512680
27 80.25999999999999 0.7972955734149764 0.8767622922073367 0.835142809420410980
28 80.16799999999999 0.795924864692773 0.8770083491194837 0.834501635623205880
29 80.204 0.7966857871255577 0.8766393155200224 0.834752412434471880
30 80.216 0.7972447222399388 0.8761477535571599 0.834836038202097180
31 80.192 0.7970413823885736 0.876024949190553 0.834668803418803580
32 80.23599999999999 0.7981610369708192 0.8753501400560224 0.834975451721719480
33 80.228 0.7977535260705853 0.875718088832843 0.834919680726714180
34 80.252 0.7980081716036772 0.8757794437048974 0.835087016067074180
35 80.224 0.7982120051085568 0.8751050126015122 0.834891798022976380
36 80.244 0.7982120051085568 0.8754114433783878 0.835031230168008380
37 80.224 0.7976008167432364 0.8758408071748879 0.834891798022976380
38 80.23599999999999 0.7979062938848461 0.8756567425569177 0.834975451721719480
39 80.252 0.7974990430011484 0.8763934656103204 0.835087016067074180
40 80.22 0.7976008167432364 0.8757794437048974 0.834863917181499480
41 80.24 0.797702616464582 0.8759635599159075 0.835003340013360180
42 80.224 0.7974990430011484 0.8759635599159075 0.834891798022976280
43 80.184 0.7972447222399388 0.8756567425569177 0.834613073379181480
44 80.184 0.7969905636317266 0.8759635599159075 0.834613073379181380
45 80.228 0.7980081716036772 0.8754114433783878 0.834919680726714180
46 80.232 0.7981610369708192 0.8752888453189552 0.834947565292899680
47 80.256 0.7991816380026853 0.8744316194473593 0.835114911811865580
48 80.22 0.7990283814881105 0.8740647507167331 0.834863917181499480
49 80.22 0.7989262431292343 0.8741870060843415 0.834863917181499480
50 80.24799999999999 0.7993349533188387 0.8741258741258742 0.835059122185850880
51 80.276 0.799488327470419 0.8743704532736429 0.835254418495873980
52 80.3 0.8000512032770097 0.8740647507167331 0.835421888053467180
53 80.272 0.799744081893794 0.8740036358551252 0.835226513430442480
54 80.24799999999999 0.799744081893794 0.87363712608331 0.835059122185850880
55 80.256 0.8033935342888361 0.8694442512346109 0.835114911811865380
56 80.272 0.7996929179195189 0.8740647507167331 0.835226513430442480
57 80.272 0.8033935342888361 0.8696862172128296 0.835226513430442380
58 80.304 0.799744081893794 0.874492794179376 0.835449806175644980
59 80.324 0.7998976131055225 0.8746151693254968 0.835589424780240180
60 80.336 0.8002560819462228 0.8743704532736429 0.835673218344698480
61 80.292 0.7996929179195189 0.8743704532736429 0.835366057406355580
62 80.32000000000001 0.7994371962138654 0.8751050126015122 0.835561497326203280
63 80.328 0.7992838416778566 0.8754114433783878 0.8356173541012180
64 80.304 0.7989262431292343 0.8754727552878554 0.835449806175644980
65 80.296 0.7988241308793456 0.8754727552878554 0.835393971797099480
66 80.3 0.7983139609145484 0.8761477535571599 0.83542188805346780
67 80.296 0.7980591202196259 0.8763934656103204 0.835393971797099480
68 80.268 0.7982629797560509 0.875718088832843 0.835198610229512680
69 80.284 0.7986710114369688 0.8754727552878554 0.835310234220989780
70 80.276 0.7986710114369688 0.8753501400560224 0.835254418495873980
71 80.264 0.7987220447284346 0.8751050126015122 0.835170708892897780
72 80.284 0.7984669434685404 0.875718088832843 0.835310234220989780
73 80.272 0.7987220447284346 0.875227559165383 0.835226513430442480
74 80.256 0.7990283814881105 0.8746151693254968 0.835114911811865380
75 80.24799999999999 0.7988241308793456 0.8747375787263821 0.835059122185850780
76 80.256 0.7987220447284346 0.874982500349993 0.835114911811865480
77 80.264 0.7980591202196259 0.875902179244622 0.835170708892897780
78 80.264 0.7981100753415911 0.8758408071748879 0.835170708892897680
79 80.252 0.7981610369708192 0.8755954048753152 0.835087016067074380
80 80.252 0.7982629797560509 0.8754727552878554 0.835087016067074180
81 80.256 0.7981100753415911 0.875718088832843 0.835114911811865480
82 80.28 0.7982629797560509 0.875902179244622 0.835282325425993980
83 80.268 0.7979572294924993 0.8760863470703673 0.835198610229512680
84 80.268 0.7979062938848461 0.8761477535571599 0.835198610229512680
85 80.264 0.797804442175134 0.8762091686527408 0.835170708892897780
86 80.25999999999999 0.7981100753415911 0.8757794437048974 0.835142809420410980
87 80.232 0.7974990430011484 0.8760863470703673 0.834947565292899680
88 80.23599999999999 0.7980591202196259 0.8754727552878554 0.834975451721719480
89 80.224 0.797804442175134 0.8755954048753152 0.834891798022976280
90 80.224 0.7980591202196259 0.8752888453189552 0.834891798022976280
91 80.22 0.7981100753415911 0.8751662815935027 0.834863917181499380
92 80.208 0.7982120051085568 0.8748600223964166 0.834780285828769880
93 80.22 0.7982629797560509 0.874982500349993 0.834863917181499580
94 80.21199999999999 0.7976517133558803 0.8755954048753152 0.834808161084582880
95 80.224 0.7979062938848461 0.8754727552878554 0.834891798022976280
96 80.24799999999999 0.7980081716036772 0.875718088832843 0.835059122185850880
97 80.23599999999999 0.7980081716036772 0.8755340757862295 0.834975451721719580
98 80.24799999999999 0.7980591202196259 0.8756567425569177 0.835059122185850980
99 80.252 0.7976008167432364 0.8762705923589205 0.835087016067074380
100 80.232 0.7972447222399388 0.8763934656103204 0.834947565292899580
