1 77.824 0.7656029889140687 0.8792290919321939 0.81849135673127380
2 78.72399999999999 0.7726542217826678 0.8839544586662895 0.82456545400573980
3 78.888 0.7742814667988107 0.8843922456487902 0.825682013343021480
4 79.096 0.7810059356451109 0.8789817874973631 0.827102494541123580
5 79.24799999999999 0.7856200113129281 0.8755340757862295 0.828143633231747780
6 79.376 0.7857681669600202 0.8773161145423919 0.829022416766149480
7 79.24 0.785274531976379 0.8758408071748879 0.828088771116263780
8 79.28399999999999 0.785323867562983 0.8764549151591642 0.828390602737002680
9 79.16799999999999 0.7822767382189123 0.8784875957551479 0.827595338983050780
10 79.22 0.7816897004565068 0.8800337932976626 0.827951647623778780
11 79.232 0.7820809610210849 0.8797241185164333 0.828033916269210480
12 79.24 0.7820320320320321 0.879909897226524 0.828088771116263780
13 79.372 0.7848800703252543 0.8783641346356545 0.828994926551049680
14 79.43599999999999 0.7877489286614571 0.8757794437048974 0.829434988885571280
15 79.44 0.7860646459564835 0.8779322938614974 0.829462508294625280
16 79.47999999999999 0.7856200113129281 0.8791054223222449 0.829737802854298180
17 79.60000000000001 0.7893905904641617 0.8762705923589205 0.830564784053156380
18 79.628 0.7899892561461164 0.8759635599159075 0.830757983584222180
19 79.612 0.7904388516504364 0.8751662815935027 0.830647572847792180
20 79.608 0.7903888713246917 0.8751662815935027 0.830619974749152780
21 79.636 0.7911392405063291 0.8746763697431951 0.830813199960121280
22 79.668 0.7922423627836228 0.8738203425375742 0.831034138882425380
23 79.636 0.7918910357934749 0.8737592618481755 0.830813199960120980
24 79.652 0.7924935015532872 0.8732709235713287 0.83092365473460380
25 79.652 0.7927950783281538 0.8729050279329609 0.830923654734602880
26 79.696 0.7940541227290052 0.8720524626761545 0.831227556855964880
27 79.72 0.7943064116413547 0.8721133049605805 0.831393415364150380
28 79.62 0.793046567694455 0.8721133049605805 0.83070277454726780
29 79.664 0.7934492827218484 0.8722958827634334 0.831006515091078480
30 79.672 0.7943064116413547 0.8713837574067619 0.831061764510338480
31 79.644 0.7939532520325203 0.8713837574067619 0.830868423676426580
32 79.704 0.7952665733553888 0.8707160769016439 0.831282835672008980
33 79.66 0.7948114707191454 0.8705947903607745 0.830978893136114380
34 79.688 0.7951653944020356 0.8705947903607745 0.831172285391315880
35 79.664 0.7946598855689765 0.8708373972411871 0.831006515091078480
36 79.688 0.7952665733553888 0.8704735376044568 0.831172285391315980
37 79.672 0.7946093700336915 0.8710194411539266 0.831061764510338480
38 79.676 0.7954690085274277 0.8700494188069883 0.831089391975000980
39 79.672 0.7951148145792253 0.8704129238910939 0.831061764510338480
40 79.684 0.7951653944020356 0.870534159760429 0.831144652415306480
41 79.628 0.7946598855689765 0.8702917217851424 0.830757983584222380
42 79.648 0.7951148145792253 0.8700494188069883 0.830896038287689480
43 79.632 0.7943568886629385 0.8707160769016439 0.830785590854712380
44 79.632 0.7941550190597204 0.870958751393534 0.830785590854712280
45 79.672 0.7953677780605752 0.8701099819017124 0.831061764510338580
46 79.65599999999999 0.7952665733553888 0.869988864142539 0.830951273017350280
47 79.672 0.7961276351824724 0.8692024198595368 0.831061764510338480
48 79.664 0.7957221974664205 0.8695652173913043 0.831006515091078480
49 79.64 0.7958235181766091 0.8690815546130849 0.830840810900631480
50 79.648 0.7959755476311767 0.8690211345939933 0.830896038287689480
51 79.62400000000001 0.7957221974664205 0.8689607229753216 0.830730378148468280
52 79.668 0.7965842467499362 0.8685984295740393 0.831034138882425380
53 79.668 0.7970922076265783 0.8679952781056871 0.831034138882425480
54 79.664 0.7975499266254068 0.8673929637082785 0.831006515091078380
55 79.684 0.7974990430011484 0.8677542519958348 0.831144652415306380
56 79.67999999999999 0.7968889455565472 0.8684173961372794 0.831117021276595680
57 79.704 0.7976517133558803 0.8678747483163229 0.83128283567200980
58 79.684 0.7966350137021222 0.8687795385043091 0.831144652415306380
59 79.704 0.7966857871255577 0.8690211345939933 0.83128283567200980
60 79.69999999999999 0.7966857871255577 0.8689607229753216 0.831255195344970980
61 79.648 0.7956715467854869 0.8693837807761858 0.830896038287689480
62 79.644 0.7958235181766091 0.8691419830343485 0.830868423676426780
63 79.72 0.79638124362895 0.8696257130930848 0.831393415364150280
64 79.696 0.7961276351824724 0.8695652173913043 0.831227556855964780
65 79.708 0.795924864692773 0.869988864142539 0.831310477837262880
66 79.688 0.7952665733553888 0.8704735376044568 0.831172285391315980
67 79.692 0.7955196334245529 0.8702311333890281 0.831199920204807680
68 79.69999999999999 0.7958235181766091 0.869988864142539 0.831255195344970880
69 79.64 0.7951148145792253 0.8699283179066045 0.830840810900631680
70 79.688 0.7960262370247724 0.8695652173913043 0.831172285391315880
71 79.66 0.7959755476311767 0.8692024198595368 0.830978893136114380
72 79.676 0.7956715467854869 0.8698072507132419 0.831089391975000880
73 79.688 0.7960262370247724 0.8695652173913043 0.831172285391315880
74 79.668 0.7962797808638044 0.8689607229753216 0.831034138882425580
75 79.648 0.7956715467854869 0.8693837807761858 0.830896038287689480
76 79.652 0.7954690085274277 0.8696862172128296 0.83092365473460380
77 79.672 0.7953677780605752 0.8701099819017124 0.831061764510338580
78 79.65599999999999 0.7945588609204169 0.8708373972411871 0.830951273017350480
79 79.672 0.7950642411906882 0.8704735376044568 0.831061764510338580
80 79.65599999999999 0.7952665733553888 0.869988864142539 0.830951273017350280
81 79.652 0.7953677780605752 0.8698072507132419 0.83092365473460380
82 79.672 0.7955196334245529 0.8699283179066045 0.831061764510338480
83 79.616 0.7941045676894734 0.8707767328456983 0.83067517278043680
84 79.608 0.7939028262940616 0.8708980700898766 0.830619974749152780
85 79.628 0.7935500253936009 0.8716268042674848 0.830757983584222380
86 79.62400000000001 0.7938524069604979 0.8712015611931977 0.830730378148468280
87 79.636 0.7940036841770945 0.8712015611931977 0.830813199960120980
88 79.632 0.7942054768409683 0.8708980700898766 0.830785590854712380
89 79.65599999999999 0.7940541227290052 0.8714445064138315 0.830951273017350380
90 79.652 0.7940541227290052 0.8713837574067619 0.83092365473460380
91 79.62400000000001 0.7940036841770945 0.8710194411539266 0.830730378148468280
92 79.616 0.7942054768409683 0.8706554294072578 0.830675172780435980
93 79.62400000000001 0.7939028262940616 0.8711408460519897 0.830730378148468280
94 79.608 0.7930968847154368 0.8718699867475762 0.830619974749152880
95 79.636 0.7939532520325203 0.8712622847982157 0.830813199960120980
96 79.608 0.7934996508601536 0.8713837574067619 0.830619974749152780
97 79.60000000000001 0.7931975379148423 0.8716268042674848 0.830564784053156180
98 79.62400000000001 0.794255941034439 0.8707160769016439 0.830730378148468280
99 79.596 0.7934996508601536 0.8712015611931977 0.830537191455433580
100 79.616 0.7937011873769764 0.8712622847982157 0.830675172780435980
