1 78.22 0.7708911501695961 0.8784258608573436 0.821152898669732390
2 79.372 0.7826195842724768 0.8812125484666902 0.828994926551049490
3 79.58000000000001 0.7843875502008032 0.8822076363893006 0.830426839395449390
4 79.984 0.7941045676894734 0.8763934656103204 0.833222237035061990
5 80.176 0.7981100753415911 0.874492794179376 0.834557350781145790
6 80.272 0.7988751837412923 0.8750437521876093 0.835226513430442390
7 80.108 0.7929459528038569 0.8797241185164333 0.834084008941380690
8 80.08800000000001 0.7912393973920749 0.8815232722143864 0.833944892921475790
9 80.008 0.7890915977526671 0.8829554284099739 0.833388892592839490
10 80.06 0.7890417876530741 0.8838294562681185 0.833750208437552190
11 80.024 0.7886435331230284 0.8837669683257918 0.833500033340001390
12 80.132 0.7897896000505465 0.884016973125884 0.834251009443721490
13 80.188 0.7913395796404153 0.8829554284099739 0.834640937468700990
14 80.292 0.7932478740956974 0.8822076363893006 0.835366057406355590
15 80.256 0.7919913831337515 0.8832049742104148 0.835114911811865390
16 80.308 0.7922925778031311 0.8836420189452849 0.835477726163820590
17 80.272 0.7920917559090045 0.8833298000141333 0.835226513430442390
18 80.376 0.795772854596384 0.8804056909423863 0.835952651641811190
19 80.43599999999999 0.7965334862677627 0.8804056909423863 0.836372152152821990
20 80.368 0.792895654931811 0.8838294562681185 0.835896750033435990
21 80.352 0.7936507936507936 0.8826436943934473 0.83578496924311390
22 80.35600000000001 0.7933485656257934 0.8830801836806782 0.83581291163785990
23 80.4 0.7958235181766091 0.8807158458394984 0.836120401337792690
24 80.44 0.7972447222399388 0.879600309619309 0.836400133824021590
25 80.4 0.7961276351824724 0.8803436861750827 0.836120401337792890
26 80.512 0.7993860714970903 0.8781173164734809 0.836904124263524390
27 80.476 0.7989262431292343 0.8781173164734809 0.836652053144138690
28 80.388 0.799130545965989 0.8765163733258537 0.836036518075109690
29 80.424 0.7995394652680057 0.876577840112202 0.836288218371579690
30 80.4 0.7992327365728901 0.876577840112202 0.836120401337792690
31 80.4 0.7994371962138654 0.8763320246775098 0.836120401337792590
32 80.444 0.8006148722218664 0.8755954048753152 0.836428117367593490
33 80.42 0.8002048524422252 0.875718088832843 0.836260244187991490
34 80.42 0.8002560819462228 0.8756567425569177 0.836260244187991490
35 80.47999999999999 0.8004610655737705 0.8763320246775098 0.836680053547523590
36 80.47999999999999 0.8009226629076697 0.8757794437048974 0.836680053547523590
37 80.46 0.8006148722218664 0.8758408071748879 0.836540070269365990
38 80.432 0.7997952524153816 0.8763934656103204 0.83634417235380790
39 80.49199999999999 0.8002560819462228 0.8767622922073367 0.836764066003949590
40 80.488 0.8003585606351645 0.876577840112202 0.836736059977240990
41 80.46 0.8 0.876577840112202 0.836540070269365990
42 80.468 0.8001536294968634 0.8765163733258537 0.836596057959374990
43 80.444 0.800102413108878 0.8762091686527408 0.836428117367593590
44 80.46 0.8006148722218664 0.8758408071748879 0.836540070269365990
45 80.452 0.8003073180101159 0.8760863470703673 0.836484090072606890
46 80.49199999999999 0.8011793359825663 0.8756567425569177 0.836764066003949690
47 80.484 0.8012820512820513 0.8754114433783878 0.836708055825161690
48 80.484 0.8011793359825663 0.8755340757862295 0.836708055825161490
49 80.516 0.8017960230917255 0.8752888453189552 0.836932141541963790
50 80.488 0.8011793359825663 0.8755954048753152 0.836736059977240790
51 80.44 0.8013847929221695 0.8746151693254968 0.836400133824021390
52 80.47999999999999 0.801693175987686 0.8748600223964166 0.836680053547523490
53 80.496 0.8024651730114913 0.8741870060843415 0.83679207390547690
54 80.536 0.8027228358592345 0.874492794179376 0.837072256077144590
55 80.56 0.803032249775151 0.874492794179376 0.837240455458807990
56 80.54 0.8022591617996278 0.8751050126015122 0.837100284614096890
57 80.516 0.8026197508668294 0.8743092956564315 0.836932141541963990
58 80.508 0.8017960230917255 0.8751662815935027 0.836876108860844290
59 80.548 0.8018474565398679 0.875718088832843 0.837156347319425390
60 80.508 0.800871348026653 0.8762705923589205 0.836876108860844290
61 80.53200000000001 0.8007687379884689 0.8767622922073367 0.837044229417082590
62 80.508 0.8002560819462228 0.8770083491194837 0.836876108860844490
63 80.516 0.8002048524422252 0.8771929824561403 0.836932141541963790
64 80.52 0.8003073180101159 0.8771314293733773 0.836960160696350890
65 80.54 0.8005123278898495 0.8771929824561403 0.837100284614096790
66 80.52 0.7994371962138654 0.8781790080089925 0.836960160696350890
67 80.536 0.8002560819462228 0.8774392812017409 0.837072256077144590
68 80.516 0.8001536294968634 0.8772545441785389 0.836932141541963890
69 80.524 0.800820039720674 0.876577840112202 0.83698818172687490
70 80.528 0.8009739843649878 0.8764549151591642 0.837016204633721790
71 80.484 0.7995906096078808 0.8774392812017409 0.836708055825161590
72 80.488 0.8002560819462228 0.8767007995511292 0.836736059977240890
73 80.476 0.7993860714970903 0.8775624824487503 0.836652053144138490
74 80.496 0.8003073180101159 0.8767622922073367 0.836792073905475990
75 80.484 0.7992838416778566 0.8778089887640449 0.836708055825161490
76 80.47999999999999 0.799130545965989 0.8779322938614974 0.836680053547523390
77 80.496 0.7997952524153816 0.8773776935495192 0.83679207390547690
78 80.476 0.7993349533188387 0.8776240960471811 0.836652053144138490
79 80.5 0.8001536294968634 0.8770083491194837 0.836820083682008490
80 80.484 0.7994371962138654 0.8776240960471811 0.836708055825161490
81 80.472 0.7992327365728901 0.8776857182979918 0.836624054614818190
82 80.45599999999999 0.7989773090444231 0.8777473492030055 0.83651207923442490
83 80.452 0.7989773090444231 0.8776857182979918 0.836484090072606690
84 80.464 0.7989773090444231 0.8778706369829342 0.836568063177620190
85 80.47999999999999 0.7990283814881105 0.8780556336049452 0.836680053547523490
86 80.468 0.7989773090444231 0.8779322938614974 0.836596057959374990
87 80.468 0.7989773090444231 0.8779322938614974 0.836596057959374990
88 80.464 0.7989773090444231 0.8778706369829342 0.836568063177620190
89 80.476 0.7988241308793456 0.8782407082133071 0.836652053144138490
90 80.488 0.7989773090444231 0.8782407082133071 0.836736059977240890
91 80.47999999999999 0.7990794604615483 0.8779939594015593 0.836680053547523590
92 80.516 0.7998464294855387 0.8776240960471811 0.836932141541963790
93 80.472 0.799488327470419 0.8773776935495192 0.836624054614818390
94 80.472 0.7994371962138654 0.8774392812017409 0.836624054614818390
95 80.644 0.8232349841938883 0.8529512111907199 0.837829685981433790
96 80.484 0.7994371962138654 0.8776240960471811 0.836708055825161490
97 80.468 0.7994371962138654 0.8773776935495192 0.83659605795937590
98 80.484 0.7996929179195189 0.8773161145423919 0.836708055825161490
99 80.5 0.799488327470419 0.8778089887640449 0.836820083682008490
100 80.468 0.7993349533188387 0.8775008775008775 0.83659605795937590
