1 78.084 0.7656498836212177 0.8832049742104148 0.820236884412218290
2 79.352 0.7846829880728186 0.8783024170882519 0.828857502818115590
3 79.43599999999999 0.783748197379146 0.8807779030439684 0.829434988885571190
4 79.904 0.7947609359104781 0.8743704532736429 0.832667199573674490
5 80.0 0.7985179506835314 0.8713230168688136 0.833333333333333490
6 80.152 0.8003073180101159 0.871505263891794 0.83439022762165490
7 79.96 0.7934492827218484 0.8768237934904601 0.833055648117294290
8 79.916 0.7916402786573781 0.8783641346356545 0.832750408047699890
9 79.864 0.7902389682640031 0.8792909397861565 0.832389958047546190
10 79.908 0.7899393326592518 0.8803436861750827 0.832694933884022290
11 79.872 0.7891912368205063 0.8807158458394984 0.832445391582312190
12 79.976 0.7907888909976593 0.8803436861750827 0.833166699993334690
13 80.012 0.7914899005888685 0.8800337932976626 0.833416675000833590
14 80.048 0.7920415663414015 0.879909897226524 0.833666800053354790
15 80.092 0.7926442612555485 0.8798479622721194 0.833972712412849890
16 80.12 0.7923930269413629 0.8805917576611483 0.834167500834167690
17 80.148 0.7930968847154368 0.8801577242641881 0.834362380268998390
18 80.276 0.7974481658692185 0.8768237934904601 0.835254418495873890
19 80.224 0.7954690085274277 0.8784258608573436 0.834891798022976190
20 80.18 0.7932478740956974 0.880467704444601 0.834585211150058390
21 80.2 0.7946598855689765 0.8790436005625879 0.834724540901502490
22 80.256 0.7947609359104781 0.879786036036036 0.835114911811865390
23 80.272 0.7970413823885736 0.8772545441785389 0.835226513430442490
24 80.284 0.797702616464582 0.8766393155200224 0.835310234220989790
25 80.276 0.7972447222399388 0.8770698849284311 0.835254418495873990
26 80.364 0.7999488032765903 0.8751662815935027 0.83586880203283390
27 80.34 0.7999488032765903 0.8747987962768563 0.835701153267591590
28 80.268 0.8 0.87363712608331 0.835198610229512690
29 80.296 0.7999488032765903 0.8741258741258742 0.835393971797099690
30 80.296 0.8002560819462228 0.8737592618481755 0.835393971797099590
31 80.3 0.8005635967721276 0.8734539864439941 0.83542188805346790
32 80.28800000000001 0.8011793359825663 0.872539438782633 0.83533814488104890
33 80.31200000000001 0.8012820512820513 0.872783130847647 0.835505648018180690
34 80.304 0.800871348026653 0.8731489242805253 0.83544980617564590
35 80.352 0.8014361736231327 0.8732099196646874 0.835784969243113190
36 80.33200000000001 0.8015389547932029 0.872783130847647 0.835645285289300390
38 80.3 0.800871348026653 0.8730879374170566 0.835421888053467190
39 80.34 0.8011793359825663 0.8733319360022357 0.835701153267591490
40 80.324 0.8006661542403279 0.8736981896973509 0.835589424780239990
41 80.296 0.8007174428287746 0.8732099196646874 0.835393971797099690
42 80.31200000000001 0.8007174428287746 0.8734539864439941 0.835505648018180590
43 80.304 0.8010253123998718 0.872965989245059 0.83544980617564590
44 80.324 0.8015903552648455 0.8726003490401396 0.8355894247802490
45 80.336 0.8010253123998718 0.8734539864439941 0.835673218344698590
46 80.348 0.8022591617996278 0.8721741557354172 0.835757028716611590
47 80.34 0.8016417623292503 0.872783130847647 0.835701153267591590
48 80.28 0.800871348026653 0.872783130847647 0.83528232542599490
49 80.336 0.8018988965871183 0.8724176437744277 0.835673218344698790
50 80.352 0.8022591617996278 0.8722350150024423 0.835784969243113290
51 80.33200000000001 0.8022591617996278 0.8719308035714286 0.835645285289300490
52 80.35600000000001 0.8023621541819116 0.8721741557354172 0.83581291163785990
53 80.376 0.8034968181526001 0.8711408460519897 0.835952651641811190
54 80.388 0.803548470043713 0.8712622847982157 0.836036518075109590
55 80.4 0.8037551440329218 0.8712015611931977 0.836120401337792690
56 80.392 0.8032386582701452 0.8716875871687587 0.836064477292488790
57 80.34 0.8028259473346179 0.8713837574067619 0.835701153267591590
58 80.344 0.8018988965871183 0.872539438782633 0.835729090058166690
59 80.38 0.8025166923472008 0.8723567590201688 0.835980605249958390
60 80.384 0.8020017964840241 0.8730269590724962 0.836008560727661990
61 80.4 0.8017445962414214 0.873576071004263 0.836120401337792690
62 80.35600000000001 0.8014361736231327 0.8732709235713287 0.835812911637858990
63 80.392 0.8010766470135863 0.8742481465939292 0.836064477292488890
64 80.408 0.8011793359825663 0.8743704532736429 0.836176332865074590
65 80.408 0.8012306903403628 0.8743092956564315 0.836176332865074690
66 80.372 0.8004610655737705 0.8746763697431951 0.835924699903032990
67 80.372 0.8005123278898495 0.8746151693254968 0.835924699903032890
68 80.4 0.8011279882073961 0.8743092956564315 0.836120401337792690
69 80.38 0.800871348026653 0.8743092956564315 0.835980605249958390
70 80.348 0.8010766470135863 0.873576071004263 0.835757028716611690
71 80.34 0.8003585606351645 0.8743092956564315 0.835701153267591590
72 80.33200000000001 0.8003073180101159 0.8742481465939292 0.835645285289300390
73 80.344 0.8005123278898495 0.8741870060843415 0.835729090058166890
74 80.348 0.8005123278898495 0.8742481465939292 0.835757028716611590
75 80.36 0.8005635967721276 0.8743704532736429 0.835840855901036490
76 80.35600000000001 0.8003585606351645 0.8745539774714896 0.83581291163785990
77 80.352 0.8002048524422252 0.8746763697431951 0.835784969243113190
78 80.352 0.8004610655737705 0.8743704532736429 0.835784969243113190
79 80.364 0.8009739843649878 0.8739425295392576 0.835868802032832990
80 80.348 0.8003585606351645 0.8744316194473593 0.835757028716611590
81 80.336 0.8004098098226292 0.8741870060843415 0.835673218344698590
82 80.33200000000001 0.8002560819462228 0.8743092956564315 0.835645285289300490
83 80.348 0.8003585606351645 0.8744316194473593 0.835757028716611590
85 80.372 0.8002048524422252 0.874982500349993 0.835924699903032890
86 80.352 0.8001536294968634 0.8747375787263821 0.835784969243113290
87 80.348 0.8002048524422252 0.8746151693254968 0.835757028716611590
88 80.328 0.800102413108878 0.8744316194473593 0.8356173541012190
89 80.35600000000001 0.800102413108878 0.8748600223964166 0.83581291163785990
90 80.364 0.8002048524422252 0.8748600223964166 0.835868802032832990
91 80.348 0.8003585606351645 0.8744316194473593 0.835757028716611590
92 80.364 0.8004098098226292 0.8746151693254968 0.83586880203283390
93 80.34 0.8003073180101159 0.8743704532736429 0.835701153267591590
94 80.35600000000001 0.8003585606351645 0.8745539774714896 0.83581291163785990
95 80.364 0.800820039720674 0.8741258741258742 0.835868802032832990
96 80.36 0.8007174428287746 0.8741870060843415 0.835840855901036390
97 80.348 0.8006148722218664 0.8741258741258742 0.835757028716611590
98 80.368 0.8007174428287746 0.8743092956564315 0.835896750033435990
99 80.32000000000001 0.7986710114369688 0.876024949190553 0.835561497326203290
100 80.308 0.798568964415767 0.8759635599159075 0.835477726163820590
