1 71.592
2 71.632
3 71.612
4 71.616
5 71.532
6 71.532
7 71.532
8 71.64399999999999
9 71.632
10 71.648
11 71.64399999999999
12 71.648
13 71.63999999999999
14 71.576
15 71.576
16 71.648
17 71.648
18 71.64399999999999
19 71.648
20 71.648
21 71.652
22 71.65599999999999
23 71.648
24 71.648
25 71.58
26 71.576
27 71.576
28 71.58
29 71.652
30 71.648
31 71.58
32 71.58
33 71.58
34 71.576
35 71.58
36 71.572
37 71.576
38 71.58
39 71.576
40 71.572
41 71.58
42 71.576
43 71.576
44 71.576
45 71.576
46 71.576
47 71.576
48 71.58
49 71.58
50 71.58
51 71.58
52 71.58
53 71.58
54 71.58
55 71.58
56 71.58
57 71.58
58 71.58
59 71.58
60 71.58
61 71.58
62 71.58
63 71.58
64 71.58
65 71.58
66 71.58
67 71.58
68 71.58
69 71.58
70 71.58
71 71.58
72 71.58
73 71.58
74 71.58
75 71.58
76 71.58
77 71.58
78 71.58
79 71.58
80 71.58
81 71.58
82 71.58
83 71.652
84 71.652
85 71.652
86 71.58
87 71.652
88 71.652
89 71.652
90 71.652
91 71.58
92 71.58
93 71.58
94 71.58
95 71.58
96 71.58
97 71.58
98 71.58
99 71.652
100 71.652
1 71.592
2 71.632
3 71.612
4 71.616
5 71.532
6 71.532
7 71.532
8 71.64399999999999
9 71.632
10 71.648
11 71.64399999999999
12 71.648
13 71.63999999999999
14 71.576
15 71.576
16 71.648
17 71.648
18 71.64399999999999
19 71.648
20 71.648
21 71.652
22 71.65599999999999
23 71.648
24 71.648
25 71.58
26 71.576
27 71.576
28 71.58
29 71.652
30 71.648
31 71.58
32 71.58
33 71.58
34 71.576
35 71.58
36 71.572
37 71.576
38 71.58
39 71.576
40 71.572
41 71.58
42 71.576
43 71.576
44 71.576
45 71.576
46 71.576
47 71.576
48 71.58
49 71.58
50 71.58
51 71.58
52 71.58
53 71.58
54 71.58
55 71.58
56 71.58
57 71.58
58 71.58
59 71.58
60 71.58
61 71.58
62 71.58
63 71.58
64 71.58
65 71.58
66 71.58
67 71.58
68 71.58
69 71.58
70 71.58
71 71.58
72 71.58
73 71.58
74 71.58
75 71.58
76 71.58
77 71.58
78 71.58
79 71.58
80 71.58
81 71.58
82 71.58
83 71.652
84 71.652
85 71.652
86 71.58
87 71.652
88 71.652
89 71.652
90 71.652
91 71.58
92 71.58
93 71.58
94 71.58
95 71.58
96 71.58
97 71.58
98 71.58
99 71.652
100 71.652
