1 78.468
2 79.364
3 79.756
4 80.22
5 80.5
6 80.636
7 80.464
8 80.536
9 80.54
10 80.472
11 80.568
12 80.616
13 80.716
14 80.652
15 80.684
16 80.684
17 80.80000000000001
18 80.908
19 80.89999999999999
20 80.86
21 80.796
22 80.74799999999999
23 80.82000000000001
24 80.792
25 80.796
26 80.876
27 80.86
28 80.86
29 80.872
30 80.912
31 80.896
32 80.948
33 80.908
34 80.948
35 80.964
36 80.97999999999999
37 80.96
38 80.89999999999999
39 80.89999999999999
40 81.012
41 80.872
42 80.86800000000001
43 80.952
44 80.952
45 80.96
46 80.892
47 80.99199999999999
48 80.916
49 80.904
50 80.948
51 80.93599999999999
52 80.94399999999999
53 80.952
54 80.952
55 80.928
56 80.956
57 80.956
58 80.952
59 80.948
60 80.92399999999999
61 80.912
62 80.916
63 80.932
64 80.932
65 80.956
66 80.964
67 80.94
68 80.972
69 80.912
70 80.948
71 80.976
72 80.96
73 80.964
74 80.976
75 80.948
76 80.97999999999999
77 80.956
78 80.932
79 80.96
80 80.94399999999999
81 80.92399999999999
82 80.888
83 80.908
84 80.896
85 80.912
86 80.876
87 80.916
88 80.92
89 80.908
90 80.92399999999999
91 80.92
92 80.896
93 80.908
94 80.892
95 80.888
96 80.884
97 80.896
98 80.89999999999999
99 80.896
100 80.876
1 78.476
2 79.49199999999999
3 79.612
4 80.01599999999999
5 80.22
6 80.372
7 80.2
8 80.284
9 80.23599999999999
10 80.188
11 80.25999999999999
12 80.28800000000001
13 80.38
14 80.364
15 80.4
16 80.428
17 80.468
18 80.58
19 80.612
20 80.528
21 80.572
22 80.516
23 80.54
24 80.512
25 80.464
26 80.516
27 80.516
28 80.548
29 80.56400000000001
30 80.528
31 80.58
32 80.58800000000001
33 80.596
34 80.584
35 80.636
36 80.652
37 80.636
38 80.62400000000001
39 80.62400000000001
40 80.596
41 80.58
42 80.536
43 80.53200000000001
44 80.54
45 80.552
46 80.55600000000001
47 80.58
48 80.524
49 80.55600000000001
50 80.60000000000001
51 80.596
52 80.612
53 80.664
54 80.65599999999999
55 80.652
56 80.64
57 80.65599999999999
58 80.672
59 80.644
60 80.612
61 80.55600000000001
62 80.57600000000001
63 80.592
64 80.62400000000001
65 80.57600000000001
66 80.544
67 80.57600000000001
68 80.56
69 80.568
70 80.584
71 80.544
72 80.56400000000001
73 80.552
74 80.604
75 80.536
76 80.524
77 80.54
78 80.552
79 80.572
80 80.53200000000001
81 80.528
82 80.508
83 80.516
84 80.516
85 80.528
86 80.53200000000001
87 80.53200000000001
88 80.508
89 80.516
90 80.544
91 80.536
92 80.536
93 80.544
94 80.544
95 80.524
96 80.524
97 80.52
98 80.54
99 80.552
100 80.56
