1 73.804
2 74.9
3 74.576
4 74.876
5 74.784
6 74.9
7 74.872
8 74.96000000000001
9 74.77199999999999
10 74.808
11 74.836
12 74.82
13 74.832
14 74.812
15 74.824
16 74.872
17 74.892
18 74.896
19 74.952
20 74.852
21 74.86
22 74.852
23 74.868
24 74.892
25 74.896
26 74.964
27 74.96000000000001
28 74.884
29 74.88
30 74.908
31 74.912
32 74.928
33 74.98
34 74.904
35 74.972
36 74.972
37 74.91600000000001
38 74.972
39 74.948
40 74.952
41 74.948
42 74.952
43 74.948
44 74.948
45 74.956
46 74.952
47 74.956
48 74.956
49 74.944
50 74.948
51 74.948
52 74.948
53 74.948
54 74.94000000000001
55 74.948
56 74.948
57 74.944
58 74.932
59 74.936
60 74.932
61 74.832
62 74.876
63 74.944
64 74.94000000000001
65 74.94000000000001
66 74.936
67 74.94000000000001
68 74.94000000000001
69 74.932
70 74.94000000000001
71 74.928
72 74.936
73 74.932
74 74.932
75 74.928
76 74.936
77 74.948
78 74.944
79 74.94000000000001
80 74.944
81 74.948
82 74.94000000000001
83 74.876
84 74.868
85 74.928
86 74.932
87 74.868
88 74.872
89 74.86
90 74.864
91 74.86
92 74.864
93 74.86
94 74.828
95 74.836
96 74.836
97 74.836
98 74.836
99 74.836
100 74.83999999999999
1 73.804
2 74.9
3 74.576
4 74.876
5 74.784
6 74.9
7 74.872
8 74.96000000000001
9 74.77199999999999
10 74.808
11 74.836
12 74.82
13 74.832
14 74.812
15 74.824
16 74.872
17 74.892
18 74.896
19 74.952
20 74.852
21 74.86
22 74.852
23 74.868
24 74.892
25 74.896
26 74.964
27 74.96000000000001
28 74.884
29 74.88
30 74.908
31 74.912
32 74.928
33 74.98
34 74.904
35 74.972
36 74.972
37 74.91600000000001
38 74.972
39 74.948
40 74.952
41 74.948
42 74.952
43 74.948
44 74.948
45 74.956
46 74.952
47 74.956
48 74.956
49 74.944
50 74.948
51 74.948
52 74.948
53 74.948
54 74.94000000000001
55 74.948
56 74.948
57 74.944
58 74.932
59 74.936
60 74.932
61 74.832
62 74.876
63 74.944
64 74.94000000000001
65 74.94000000000001
66 74.936
67 74.94000000000001
68 74.94000000000001
69 74.932
70 74.94000000000001
71 74.928
72 74.936
73 74.932
74 74.932
75 74.928
76 74.936
77 74.948
78 74.944
79 74.94000000000001
80 74.944
81 74.948
82 74.94000000000001
83 74.876
84 74.868
85 74.928
86 74.932
87 74.868
88 74.872
89 74.86
90 74.864
91 74.86
92 74.864
93 74.86
94 74.828
95 74.836
96 74.836
97 74.836
98 74.836
99 74.836
100 74.83999999999999
