1 75.676
2 76.152
3 76.224
4 76.20400000000001
5 76.3
6 76.30399999999999
7 76.48
8 76.47200000000001
9 76.30799999999999
10 76.436
11 76.42
12 76.476
13 76.40400000000001
14 76.492
15 76.492
16 76.492
17 76.632
18 76.62400000000001
19 76.616
20 76.64
21 76.62
22 76.628
23 76.62400000000001
24 76.64800000000001
25 76.66
26 76.632
27 76.64
28 76.656
29 76.676
30 76.652
31 76.62
32 76.64800000000001
33 76.652
34 76.66
35 76.668
36 76.656
37 76.656
38 76.668
39 76.69200000000001
40 76.696
41 76.7
42 76.69200000000001
43 76.668
44 76.676
45 76.69200000000001
46 76.712
47 76.708
48 76.684
49 76.688
50 76.69200000000001
51 76.696
52 76.744
53 76.712
54 76.768
55 76.764
56 76.776
57 76.72
58 76.708
59 76.704
60 76.704
61 76.68
62 76.69200000000001
63 76.676
64 76.668
65 76.704
66 76.704
67 76.704
68 76.7
69 76.7
70 76.684
71 76.69200000000001
72 76.696
73 76.69200000000001
74 76.68
75 76.736
76 76.71600000000001
77 76.69200000000001
78 76.69200000000001
79 76.68
80 76.7
81 76.696
82 76.688
83 76.712
84 76.7
85 76.7
86 76.696
87 76.69200000000001
88 76.684
89 76.68
90 76.676
91 76.68
92 76.68
93 76.68
94 76.676
95 76.676
96 76.676
97 76.676
98 76.668
99 76.668
100 76.68
1 75.4
2 75.872
3 75.948
4 75.968
5 76.048
6 76.14
7 76.264
8 76.332
9 76.12
10 76.292
11 76.3
12 76.396
13 76.25999999999999
14 76.264
15 76.28399999999999
16 76.30799999999999
17 76.392
18 76.384
19 76.392
20 76.416
21 76.388
22 76.396
23 76.38000000000001
24 76.412
25 76.416
26 76.416
27 76.42
28 76.428
29 76.432
30 76.428
31 76.412
32 76.424
33 76.42
34 76.436
35 76.508
36 76.508
37 76.48
38 76.488
39 76.492
40 76.48
41 76.48
42 76.47200000000001
43 76.48
44 76.468
45 76.488
46 76.484
47 76.484
48 76.48
49 76.476
50 76.52799999999999
51 76.52799999999999
52 76.56
53 76.584
54 76.54799999999999
55 76.55199999999999
56 76.56
57 76.556
58 76.55199999999999
59 76.512
60 76.476
61 76.468
62 76.452
63 76.48
64 76.48
65 76.476
66 76.492
67 76.492
68 76.484
69 76.492
70 76.468
71 76.476
72 76.47200000000001
73 76.46
74 76.476
75 76.456
76 76.468
77 76.44800000000001
78 76.464
79 76.456
80 76.464
81 76.456
82 76.46
83 76.47200000000001
84 76.476
85 76.476
86 76.464
87 76.476
88 76.492
89 76.476
90 76.488
91 76.484
92 76.48
93 76.444
94 76.452
95 76.456
96 76.464
97 76.476
98 76.488
99 76.5
100 76.468
