1 76.62
2 77.22
3 77.304
4 77.336
5 77.424
6 77.364
7 77.424
8 77.388
9 77.35600000000001
10 77.332
11 77.36800000000001
12 77.428
13 77.38000000000001
14 77.42
15 77.44
16 77.4
17 77.50399999999999
18 77.52799999999999
19 77.568
20 77.576
21 77.608
22 77.61200000000001
23 77.60000000000001
24 77.576
25 77.62400000000001
26 77.596
27 77.592
28 77.596
29 77.61200000000001
30 77.58
31 77.584
32 77.592
33 77.608
34 77.61200000000001
35 77.61200000000001
36 77.628
37 77.58800000000001
38 77.60000000000001
39 77.60000000000001
40 77.616
41 77.60400000000001
42 77.596
43 77.592
44 77.592
45 77.608
46 77.616
47 77.616
48 77.61200000000001
49 77.61200000000001
50 77.632
51 77.656
52 77.67999999999999
53 77.64800000000001
54 77.66
55 77.672
56 77.664
57 77.628
58 77.644
59 77.644
60 77.628
61 77.64
62 77.64800000000001
63 77.616
64 77.644
65 77.656
66 77.656
67 77.64800000000001
68 77.62400000000001
69 77.64
70 77.62
71 77.628
72 77.632
73 77.628
74 77.64800000000001
75 77.66
76 77.64800000000001
77 77.64
78 77.62400000000001
79 77.62
80 77.632
81 77.628
82 77.62400000000001
83 77.616
84 77.62400000000001
85 77.616
86 77.61200000000001
87 77.608
88 77.62
89 77.628
90 77.62400000000001
91 77.632
92 77.628
93 77.608
94 77.61200000000001
95 77.632
96 77.62400000000001
97 77.616
98 77.628
99 77.628
100 77.628
1 76.416
2 76.94
3 77.064
4 77.084
5 77.14
6 77.12400000000001
7 77.216
8 77.276
9 77.13600000000001
10 77.232
11 77.248
12 77.184
13 77.11200000000001
14 77.2
15 77.192
16 77.208
17 77.30799999999999
18 77.32
19 77.332
20 77.36000000000001
21 77.364
22 77.376
23 77.376
24 77.396
25 77.376
26 77.35600000000001
27 77.36000000000001
28 77.348
29 77.35600000000001
30 77.348
31 77.36000000000001
32 77.384
33 77.38000000000001
34 77.392
35 77.44
36 77.452
37 77.412
38 77.42
39 77.384
40 77.416
41 77.38000000000001
42 77.364
43 77.384
44 77.376
45 77.38000000000001
46 77.384
47 77.412
48 77.4
49 77.396
50 77.44
51 77.444
52 77.468
53 77.46
54 77.452
55 77.464
56 77.468
57 77.5
58 77.46
59 77.46
60 77.388
61 77.392
62 77.384
63 77.4
64 77.396
65 77.396
66 77.396
67 77.4
68 77.412
69 77.412
70 77.384
71 77.38000000000001
72 77.40400000000001
73 77.4
74 77.412
75 77.396
76 77.40400000000001
77 77.392
78 77.384
79 77.392
80 77.38000000000001
81 77.36800000000001
82 77.38000000000001
83 77.388
84 77.388
85 77.396
86 77.396
87 77.4
88 77.416
89 77.392
90 77.38000000000001
91 77.36800000000001
92 77.376
93 77.372
94 77.376
95 77.376
96 77.372
97 77.372
98 77.4
99 77.388
100 77.4
