1 77.428
2 77.932
3 78.064
4 78.06
5 78.188
6 78.128
7 78.216
8 78.256
9 78.228
10 78.24
11 78.32000000000001
12 78.292
13 78.276
14 78.364
15 78.352
16 78.33200000000001
17 78.432
18 78.408
19 78.428
20 78.464
21 78.496
22 78.512
23 78.47999999999999
24 78.50399999999999
25 78.476
26 78.47999999999999
27 78.476
28 78.44800000000001
29 78.456
30 78.44
31 78.43599999999999
32 78.428
33 78.44
34 78.472
35 78.46
36 78.536
37 78.47999999999999
38 78.484
39 78.44800000000001
40 78.472
41 78.46
42 78.472
43 78.444
44 78.43599999999999
45 78.412
46 78.44
47 78.472
48 78.44800000000001
49 78.44800000000001
50 78.464
51 78.51599999999999
52 78.50399999999999
53 78.53999999999999
54 78.50399999999999
55 78.512
56 78.492
57 78.5
58 78.488
59 78.476
60 78.44800000000001
61 78.44
62 78.444
63 78.468
64 78.44800000000001
65 78.472
66 78.50399999999999
67 78.464
68 78.488
69 78.476
70 78.456
71 78.472
72 78.476
73 78.46
74 78.452
75 78.51599999999999
76 78.50399999999999
77 78.484
78 78.50399999999999
79 78.50399999999999
80 78.524
81 78.52
82 78.51599999999999
83 78.508
84 78.50399999999999
85 78.512
86 78.524
87 78.5
88 78.51599999999999
89 78.524
90 78.508
91 78.508
92 78.52
93 78.50399999999999
94 78.508
95 78.52
96 78.512
97 78.50399999999999
98 78.50399999999999
99 78.50399999999999
100 78.512
1 77.292
2 77.804
3 77.908
4 77.904
5 78.02
6 77.98
7 78.096
8 78.152
9 78.10000000000001
10 78.156
11 78.20400000000001
12 78.188
13 78.128
14 78.2
15 78.212
16 78.228
17 78.27199999999999
18 78.3
19 78.288
20 78.34
21 78.324
22 78.348
23 78.348
24 78.34400000000001
25 78.33600000000001
26 78.30799999999999
27 78.32000000000001
28 78.288
29 78.29599999999999
30 78.304
31 78.312
32 78.304
33 78.3
34 78.34
35 78.372
36 78.384
37 78.34
38 78.348
39 78.324
40 78.36
41 78.304
42 78.32000000000001
43 78.276
44 78.268
45 78.3
46 78.29599999999999
47 78.328
48 78.3
49 78.34400000000001
50 78.34400000000001
51 78.352
52 78.388
53 78.388
54 78.412
55 78.428
56 78.392
57 78.416
58 78.392
59 78.348
60 78.36
61 78.304
62 78.292
63 78.29599999999999
64 78.324
65 78.304
66 78.328
67 78.324
68 78.34
69 78.324
70 78.32000000000001
71 78.324
72 78.328
73 78.324
74 78.328
75 78.30799999999999
76 78.33200000000001
77 78.33200000000001
78 78.324
79 78.33200000000001
80 78.33600000000001
81 78.34
82 78.348
83 78.36
84 78.368
85 78.372
86 78.34
87 78.364
88 78.384
89 78.372
90 78.396
91 78.35600000000001
92 78.352
93 78.34
94 78.33200000000001
95 78.34
96 78.34
97 78.348
98 78.38000000000001
99 78.352
100 78.364
