1 77.61200000000001
2 78.208
3 78.352
4 78.43599999999999
5 78.472
6 78.44
7 78.488
8 78.604
9 78.52799999999999
10 78.592
11 78.556
12 78.7
13 78.572
14 78.62
15 78.66
16 78.632
17 78.732
18 78.756
19 78.78399999999999
20 78.788
21 78.77199999999999
22 78.85600000000001
23 78.83200000000001
24 78.83200000000001
25 78.86
26 78.848
27 78.85600000000001
28 78.864
29 78.736
30 78.74
31 78.79599999999999
32 78.828
33 78.84
34 78.88
35 78.884
36 78.852
37 78.82000000000001
38 78.8
39 78.83200000000001
40 78.79599999999999
41 78.812
42 78.816
43 78.812
44 78.74
45 78.82000000000001
46 78.79599999999999
47 78.808
48 78.788
49 78.804
50 78.812
51 78.8
52 78.82000000000001
53 78.84400000000001
54 78.82000000000001
55 78.84400000000001
56 78.804
57 78.83200000000001
58 78.816
59 78.864
60 78.84400000000001
61 78.852
62 78.852
63 78.86
64 78.86800000000001
65 78.84400000000001
66 78.864
67 78.852
68 78.896
69 78.85600000000001
70 78.872
71 78.84
72 78.852
73 78.82400000000001
74 78.84
75 78.84
76 78.864
77 78.808
78 78.848
79 78.86800000000001
80 78.88
81 78.828
82 78.812
83 78.84
84 78.84400000000001
85 78.836
86 78.872
87 78.836
88 78.872
89 78.84
90 78.88
91 78.884
92 78.888
93 78.848
94 78.85600000000001
95 78.852
96 78.896
97 78.89200000000001
98 78.908
99 78.904
100 78.84
1 77.348
2 78.192
3 78.324
4 78.348
5 78.4
6 78.416
7 78.368
8 78.476
9 78.47999999999999
10 78.476
11 78.488
12 78.56400000000001
13 78.56400000000001
14 78.596
15 78.64800000000001
16 78.636
17 78.768
18 78.732
19 78.804
20 78.652
21 78.668
22 78.72399999999999
23 78.732
24 78.74799999999999
25 78.744
26 78.79599999999999
27 78.808
28 78.72399999999999
29 78.744
30 78.77199999999999
31 78.74799999999999
32 78.78
33 78.804
34 78.816
35 78.804
36 78.86
37 78.836
38 78.792
39 78.83200000000001
40 78.768
41 78.75999999999999
42 78.78
43 78.78
44 78.74799999999999
45 78.808
46 78.808
47 78.8
48 78.788
49 78.788
50 78.812
51 78.808
52 78.808
53 78.756
54 78.756
55 78.756
56 78.768
57 78.776
58 78.788
59 78.788
60 78.78399999999999
61 78.82000000000001
62 78.8
63 78.788
64 78.812
65 78.788
66 78.8
67 78.79599999999999
68 78.79599999999999
69 78.768
70 78.79599999999999
71 78.792
72 78.8
73 78.816
74 78.852
75 78.82400000000001
76 78.82400000000001
77 78.808
78 78.8
79 78.804
80 78.812
81 78.79599999999999
82 78.792
83 78.79599999999999
84 78.8
85 78.82000000000001
86 78.808
87 78.792
88 78.79599999999999
89 78.776
90 78.77199999999999
91 78.77199999999999
92 78.79599999999999
93 78.804
94 78.756
95 78.78
96 78.72
97 78.74
98 78.704
99 78.732
100 78.732
