1 77.904
2 78.596
3 78.96
4 79.16799999999999
5 79.21199999999999
6 79.324
7 79.292
8 79.408
9 79.328
10 79.34
11 79.328
12 79.44
13 79.396
14 79.388
15 79.448
16 79.496
17 79.628
18 79.604
19 79.608
20 79.604
21 79.56400000000001
22 79.67999999999999
23 79.58800000000001
24 79.65599999999999
25 79.69999999999999
26 79.628
27 79.644
28 79.608
29 79.572
30 79.596
31 79.592
32 79.664
33 79.664
34 79.708
35 79.69999999999999
36 79.712
37 79.704
38 79.696
39 79.732
40 79.672
41 79.636
42 79.65599999999999
43 79.652
44 79.636
45 79.632
46 79.668
47 79.704
48 79.684
49 79.69999999999999
50 79.688
51 79.688
52 79.684
53 79.688
54 79.684
55 79.684
56 79.672
57 79.708
58 79.684
59 79.712
60 79.72
61 79.756
62 79.756
63 79.732
64 79.728
65 79.72
66 79.728
67 79.756
68 79.752
69 79.74799999999999
70 79.728
71 79.74
72 79.744
73 79.744
74 79.736
75 79.74799999999999
76 79.74
77 79.72399999999999
78 79.692
79 79.72
80 79.736
81 79.716
82 79.708
83 79.704
84 79.708
85 79.736
86 79.72399999999999
87 79.74
88 79.744
89 79.72399999999999
90 79.688
91 79.72399999999999
92 79.736
93 79.74
94 79.708
95 79.69999999999999
96 79.67999999999999
97 79.668
98 79.668
99 79.688
100 79.704
1 77.40400000000001
2 78.412
3 78.544
4 78.668
5 78.656
6 78.78
7 78.716
8 78.848
9 78.812
10 78.804
11 78.82000000000001
12 78.916
13 78.9
14 78.9
15 78.944
16 78.98
17 79.124
18 79.104
19 79.184
20 79.06800000000001
21 79.02799999999999
22 79.10000000000001
23 79.06800000000001
24 79.08
25 79.128
26 79.12
27 79.132
28 79.06800000000001
29 79.104
30 79.084
31 79.048
32 79.124
33 79.152
34 79.176
35 79.192
36 79.21199999999999
37 79.21199999999999
38 79.156
39 79.18
40 79.14
41 79.11200000000001
42 79.096
43 79.11200000000001
44 79.084
45 79.108
46 79.16
47 79.18
48 79.16799999999999
49 79.156
50 79.184
51 79.152
52 79.16799999999999
53 79.144
54 79.13600000000001
55 79.124
56 79.13600000000001
57 79.144
58 79.16799999999999
59 79.188
60 79.18
61 79.208
62 79.196
63 79.18
64 79.188
65 79.196
66 79.196
67 79.192
68 79.204
69 79.18
70 79.192
71 79.196
72 79.208
73 79.2
74 79.23599999999999
75 79.24
76 79.24
77 79.21199999999999
78 79.196
79 79.184
80 79.216
81 79.204
82 79.18
83 79.204
84 79.196
85 79.24
86 79.224
87 79.208
88 79.2
89 79.21199999999999
90 79.16799999999999
91 79.176
92 79.21199999999999
93 79.2
94 79.156
95 79.16
96 79.16
97 79.152
98 79.13600000000001
99 79.16799999999999
100 79.13600000000001
