1 78.032
2 78.888
3 79.172
4 79.444
5 79.596
6 79.712
7 79.664
8 79.72
9 79.69999999999999
10 79.65599999999999
11 79.72399999999999
12 79.776
13 79.86
14 79.884
15 79.92399999999999
16 79.89999999999999
17 80.06400000000001
18 80.06
19 80.08
20 79.964
21 79.972
22 79.984
23 79.98
24 80.00399999999999
25 80.0
26 80.048
27 80.036
28 79.996
29 80.06
30 80.06
31 80.04
32 80.052
33 80.084
34 80.11200000000001
35 80.14
36 80.152
37 80.14
38 80.11200000000001
39 80.148
40 80.096
41 80.1
42 80.1
43 80.08
44 80.06800000000001
45 80.132
46 80.128
47 80.12
48 80.128
49 80.136
50 80.136
51 80.144
52 80.132
53 80.104
54 80.104
55 80.072
56 80.11200000000001
57 80.07600000000001
58 80.12
59 80.132
60 80.124
61 80.148
62 80.164
63 80.148
64 80.148
65 80.164
66 80.172
67 80.16
68 80.136
69 80.128
70 80.152
71 80.144
72 80.152
73 80.16
74 80.16799999999999
75 80.164
76 80.164
77 80.152
78 80.148
79 80.16799999999999
80 80.164
81 80.156
82 80.124
83 80.124
84 80.14
85 80.16799999999999
86 80.156
87 80.136
88 80.156
89 80.148
90 80.12
91 80.124
92 80.148
93 80.124
94 80.092
95 80.096
96 80.084
97 80.084
98 80.08
99 80.084
100 80.052
1 77.768
2 78.808
3 78.96799999999999
4 79.08
5 79.252
6 79.33600000000001
7 79.304
8 79.3
9 79.276
10 79.28
11 79.384
12 79.392
13 79.532
14 79.45599999999999
15 79.49199999999999
16 79.47999999999999
17 79.64
18 79.644
19 79.672
20 79.592
21 79.584
22 79.612
23 79.592
24 79.612
25 79.584
26 79.636
27 79.644
28 79.62
29 79.648
30 79.672
31 79.644
32 79.692
33 79.684
34 79.736
35 79.72399999999999
36 79.75999999999999
37 79.736
38 79.692
39 79.69999999999999
40 79.692
41 79.66
42 79.648
43 79.652
44 79.652
45 79.67999999999999
46 79.664
47 79.676
48 79.704
49 79.692
50 79.732
51 79.69999999999999
52 79.704
53 79.72
54 79.684
55 79.688
56 79.69999999999999
57 79.676
58 79.708
59 79.72
60 79.69999999999999
61 79.688
62 79.696
63 79.74799999999999
64 79.756
65 79.744
66 79.74799999999999
67 79.752
68 79.74799999999999
69 79.72399999999999
70 79.752
71 79.728
72 79.732
73 79.744
74 79.764
75 79.744
76 79.72399999999999
77 79.72399999999999
78 79.688
79 79.72399999999999
80 79.708
81 79.728
82 79.708
83 79.668
84 79.66
85 79.708
86 79.72399999999999
87 79.716
88 79.712
89 79.72399999999999
90 79.72399999999999
91 79.716
92 79.692
93 79.66
94 79.684
95 79.716
96 79.708
97 79.668
98 79.67999999999999
99 79.688
100 79.65599999999999
