1 78.24
2 79.316
3 79.468
4 79.80000000000001
5 80.1
6 80.184
7 80.048
8 80.116
9 80.06400000000001
10 80.04
11 80.08800000000001
12 80.12
13 80.148
14 80.18
15 80.132
16 80.216
17 80.24
18 80.4
19 80.41199999999999
20 80.3
21 80.352
22 80.33200000000001
23 80.41199999999999
24 80.384
25 80.35600000000001
26 80.304
27 80.296
28 80.35600000000001
29 80.348
30 80.33200000000001
31 80.336
32 80.368
33 80.364
34 80.376
35 80.396
36 80.428
37 80.376
38 80.376
39 80.392
40 80.4
41 80.372
42 80.368
43 80.372
44 80.388
45 80.364
46 80.392
47 80.384
48 80.36
49 80.41199999999999
50 80.42
51 80.38
52 80.448
53 80.45599999999999
54 80.472
55 80.49199999999999
56 80.448
57 80.444
58 80.46
59 80.432
60 80.376
61 80.376
62 80.368
63 80.36
64 80.404
65 80.4
66 80.352
67 80.396
68 80.388
69 80.396
70 80.43599999999999
71 80.372
72 80.392
73 80.376
74 80.416
75 80.348
76 80.372
77 80.368
78 80.36
79 80.396
80 80.352
81 80.348
82 80.348
83 80.34
84 80.348
85 80.344
86 80.344
87 80.348
88 80.368
89 80.348
90 80.384
91 80.368
92 80.396
93 80.38
94 80.384
95 80.38
96 80.38
97 80.372
98 80.4
99 80.404
100 80.4
1 78.328
2 79.33200000000001
3 79.41199999999999
4 79.744
5 79.94
6 80.096
7 79.94
8 79.984
9 79.944
10 79.892
11 79.972
12 80.02
13 80.032
14 80.00399999999999
15 80.028
16 80.08
17 80.11200000000001
18 80.24
19 80.228
20 80.16
21 80.196
22 80.176
23 80.224
24 80.192
25 80.16799999999999
26 80.132
27 80.152
28 80.156
29 80.148
30 80.144
31 80.152
32 80.188
33 80.192
34 80.204
35 80.228
36 80.228
37 80.16
38 80.184
39 80.184
40 80.208
41 80.204
42 80.18
43 80.176
44 80.172
45 80.184
46 80.18
47 80.156
48 80.148
49 80.228
50 80.228
51 80.216
52 80.24799999999999
53 80.308
54 80.316
55 80.352
56 80.3
57 80.25999999999999
58 80.24799999999999
59 80.256
60 80.196
61 80.204
62 80.184
63 80.184
64 80.18
65 80.184
66 80.156
67 80.156
68 80.164
69 80.164
70 80.21199999999999
71 80.16799999999999
72 80.156
73 80.176
74 80.152
75 80.144
76 80.16
77 80.148
78 80.156
79 80.176
80 80.152
81 80.136
82 80.136
83 80.14
84 80.14
85 80.152
86 80.16
87 80.176
88 80.16
89 80.164
90 80.176
91 80.176
92 80.18
93 80.184
94 80.188
95 80.208
96 80.216
97 80.2
98 80.21199999999999
99 80.252
100 80.272
