1 0.5678799999999999
2 0.56528
3 0.5815600000000001
4 0.55772
5 0.56168
6 0.54972
7 0.57804
8 0.5509200000000001
9 0.56152
10 0.58308
11 0.5813999999999999
12 0.56088
13 0.57296
14 0.59616
15 0.5811200000000001
16 0.58036
17 0.55924
18 0.5609999999999999
19 0.58184
20 0.5682
21 0.57692
22 0.5771200000000001
23 0.5694
24 0.5569999999999999
25 0.5628
26 0.71556
27 0.71536
29 0.7162
30 0.7167600000000001
31 0.7156
32 0.7152000000000001
33 0.7155199999999999
34 0.71528
35 0.7148
36 0.71504
37 0.71668
38 0.71524
39 0.7167600000000001
40 0.71612
41 0.71616
42 0.71628
43 0.7156
44 0.71624
45 0.71556
46 0.71656
47 0.71624
48 0.71672
49 0.71608
50 0.71656
51 0.7170000000000001
52 0.71696
53 0.71612
54 0.7170000000000001
55 0.71644
57 0.71716
58 0.71624
59 0.71672
60 0.71704
61 0.71584
62 0.7170799999999999
63 0.7163200000000001
64 0.71716
65 0.71748
66 0.71716
67 0.71688
68 0.71652
69 0.71692
70 0.7174400000000001
71 0.7172799999999999
72 0.7170000000000001
73 0.71748
74 0.7166
75 0.7168
76 0.71652
77 0.71716
78 0.7174
79 0.7168399999999999
80 0.7172000000000001
81 0.7178
82 0.7176
83 0.7176
84 0.71776
85 0.71748
86 0.7176400000000001
87 0.7176400000000001
88 0.71784
89 0.7178800000000001
90 0.71768
91 0.71772
92 0.71768
93 0.7176400000000001
94 0.71784
95 0.7178
96 0.71772
97 0.7178800000000001
98 0.71792
99 0.71792
100 0.71792

