1 0.6018399999999999
2 0.5547599999999999
3 0.587
4 0.5404800000000001
5 0.49388
6 0.52552
7 0.5214799999999999
8 0.58524
9 0.54836
10 0.5468
11 0.51652
12 0.5362
13 0.55304
14 0.51528
15 0.554
16 0.54712
17 0.52364
18 0.55484
19 0.55488
20 0.5518799999999999
21 0.5386
22 0.56176
23 0.56092
24 0.54828
25 0.77524
26 0.77372
27 0.7744
29 0.78216
30 0.78496
31 0.7826
32 0.78772
33 0.78508
34 0.7894
35 0.789
36 0.7892
37 0.79156
38 0.79408
39 0.79672
40 0.7982
41 0.7988
42 0.8022
43 0.8054399999999999
44 0.80608
45 0.8042
46 0.80616
47 0.80776
48 0.81004
49 0.81084
50 0.81148
51 0.81376
52 0.8174
53 0.8175600000000001
54 0.81768
55 0.82012
57 0.82616
58 0.82648
59 0.8268
60 0.8274
61 0.8304400000000001
62 0.8291999999999999
63 0.83008
64 0.83456
65 0.8336
66 0.8351999999999999
67 0.83836
68 0.83736
69 0.83952
70 0.842
71 0.8405199999999999
72 0.84324
73 0.84372
74 0.8464
75 0.84748
76 0.84936
77 0.85004
78 0.85172
79 0.85256
80 0.8526
81 0.85408
82 0.85516
83 0.8566400000000001
84 0.8582799999999999
85 0.85936
86 0.85948
87 0.86084
88 0.86284
89 0.8642799999999999
90 0.86568
91 0.86616
92 0.86852
93 0.86944
94 0.87012
95 0.8708400000000001
96 0.8726
97 0.87336
98 0.87444
99 0.87612
100 0.8771599999999999

