1 0.52264
2 0.5296799999999999
3 0.57524
4 0.55036
5 0.56124
6 0.5318
7 0.52944
8 0.56416
9 0.55244
10 0.5292399999999999
11 0.5392
12 0.54316
13 0.54508
14 0.54484
15 0.5404
16 0.536
17 0.53408
18 0.548
19 0.54876
20 0.53556
21 0.53844
22 0.5354
23 0.55252
24 0.53496
25 0.53996
26 0.74716
27 0.74524
29 0.74712
30 0.74672
31 0.7465200000000001
32 0.74876
33 0.74752
34 0.74836
35 0.74716
36 0.74936
37 0.74736
38 0.74844
39 0.7489600000000001
40 0.7485200000000001
41 0.74908
42 0.75048
43 0.74916
44 0.75092
45 0.75012
46 0.7525999999999999
47 0.75008
48 0.75128
49 0.75044
50 0.7514000000000001
51 0.75156
52 0.75196
53 0.75264
54 0.75244
55 0.7527200000000001
57 0.7516
58 0.753
59 0.7530399999999999
60 0.7538400000000001
61 0.75376
62 0.75448
63 0.75468
64 0.7538
65 0.75444
66 0.7542
67 0.7542
68 0.75424
69 0.7550399999999999
70 0.75484
71 0.7550399999999999
72 0.7548
73 0.75568
74 0.75588
75 0.75572
76 0.75564
77 0.7556
78 0.75624
79 0.7562800000000001
80 0.75644
81 0.75688
82 0.75636
83 0.75692
84 0.75648
85 0.7568
86 0.75724
87 0.75736
88 0.75764
89 0.75792
90 0.75772
91 0.75744
92 0.75788
93 0.7578400000000001
94 0.75824
95 0.75816
96 0.75824
97 0.75856
98 0.7585999999999999
99 0.75864
100 0.7588

