1 0.55396
2 0.58836
3 0.5414
4 0.57332
5 0.54556
6 0.54432
7 0.54584
8 0.5598799999999999
9 0.57016
10 0.53464
11 0.53328
12 0.5528
13 0.5775600000000001
14 0.5647599999999999
15 0.58716
16 0.57056
17 0.5566
18 0.5424800000000001
19 0.57336
20 0.56096
21 0.54572
22 0.53992
23 0.54532
24 0.57456
25 0.75884
26 0.76152
27 0.75652
29 0.76
30 0.75976
31 0.7608
32 0.76332
33 0.76032
34 0.7626
35 0.76364
36 0.7654
37 0.7674799999999999
38 0.76476
39 0.76532
40 0.7646
41 0.76732
42 0.76676
43 0.76604
44 0.76696
45 0.76936
46 0.7694
47 0.7684
48 0.7708
49 0.76888
50 0.76908
51 0.7708
52 0.77136
53 0.77152
54 0.7716000000000001
55 0.7724
57 0.77288
58 0.77304
59 0.77504
60 0.77276
61 0.77572
62 0.77532
63 0.77508
64 0.77416
65 0.7764800000000001
66 0.77544
67 0.7760400000000001
68 0.77552
69 0.7767999999999999
70 0.77776
71 0.77772
72 0.7780400000000001
73 0.7783599999999999
74 0.77928
75 0.7800400000000001
76 0.77904
77 0.78052
78 0.78076
79 0.77992
80 0.78076
81 0.78052
82 0.78076
83 0.78116
84 0.78176
85 0.78192
86 0.78228
87 0.78272
88 0.7832399999999999
89 0.78352
90 0.78332
91 0.7842
92 0.78444
93 0.7844800000000001
94 0.78484
95 0.7849200000000001
96 0.7854
97 0.78544
98 0.78564
99 0.78604
100 0.78636
