1 0.57056
2 0.58584
3 0.52824
4 0.58468
5 0.5332
6 0.5421199999999999
7 0.53788
8 0.5374
9 0.5489200000000001
10 0.56952
11 0.5676399999999999
12 0.5545599999999999
13 0.5394
14 0.5412
15 0.56516
16 0.56228
17 0.5516
18 0.5534399999999999
19 0.58912
20 0.57568
21 0.54556
22 0.52416
23 0.54036
24 0.55584
25 0.76244
26 0.76484
27 0.768
29 0.7688
30 0.76788
31 0.7720400000000001
32 0.76824
33 0.77292
34 0.77108
35 0.77328
36 0.77304
37 0.77384
38 0.77568
39 0.7789200000000001
40 0.77632
41 0.77852
42 0.77828
43 0.77728
44 0.78084
45 0.77884
46 0.77912
47 0.7836
48 0.78264
49 0.7836
50 0.7820400000000001
51 0.7829200000000001
52 0.78496
53 0.7838
54 0.78484
55 0.7867999999999999
57 0.7878000000000001
58 0.7876799999999999
59 0.78872
60 0.7876
61 0.78944
62 0.79096
63 0.79184
64 0.792
65 0.792
66 0.79224
67 0.79172
68 0.79372
69 0.79484
70 0.79376
71 0.79576
72 0.79476
73 0.79552
74 0.7965599999999999
75 0.7965599999999999
76 0.79664
77 0.7964
78 0.7982400000000001
79 0.7985599999999999
80 0.79836
81 0.79876
82 0.80028
83 0.8005599999999999
84 0.80084
85 0.80096
86 0.80196
87 0.8026
88 0.80296
89 0.8026800000000001
90 0.8026800000000001
91 0.8042
92 0.8052
93 0.80576
94 0.80532
95 0.80592
96 0.8062
97 0.80692
98 0.80736
99 0.8078799999999999
100 0.80824

