1 0.50848
2 0.52784
3 0.49468
4 0.52764
5 0.55488
6 0.52784
7 0.5203599999999999
8 0.5543199999999999
9 0.5392
10 0.5442400000000001
11 0.5675600000000001
12 0.5506
13 0.52276
14 0.54896
15 0.53252
16 0.5456
17 0.57092
18 0.54288
19 0.52064
20 0.5382
21 0.54304
22 0.55244
23 0.5336799999999999
24 0.5514399999999999
25 0.76852
26 0.76544
27 0.76928
29 0.77152
30 0.76936
31 0.77524
32 0.77176
33 0.77684
34 0.77708
35 0.7764800000000001
36 0.77784
37 0.7812
38 0.78096
39 0.7814
40 0.78388
41 0.78348
42 0.78476
43 0.78708
44 0.7852
45 0.7872
46 0.78776
47 0.789
48 0.79148
49 0.7902
50 0.78932
51 0.79248
52 0.79332
53 0.79392
54 0.7938000000000001
55 0.79608
57 0.7966
58 0.7966
59 0.7982
60 0.79936
61 0.79884
62 0.7994
63 0.80072
64 0.8022
65 0.80088
66 0.8029999999999999
67 0.80288
68 0.80328
69 0.80592
70 0.8052
71 0.80596
72 0.80532
73 0.80608
74 0.80732
75 0.80704
76 0.80784
77 0.80928
78 0.80924
79 0.81056
80 0.8115600000000001
81 0.81208
82 0.8116
83 0.81224
84 0.8134
85 0.8142
86 0.8146
87 0.81596
88 0.8162
89 0.81656
90 0.81688
91 0.8188
92 0.81872
93 0.81848
94 0.8203199999999999
95 0.8200000000000001
96 0.82104
97 0.8212
98 0.82192
99 0.82272
100 0.82312

