25 0.76796
26 0.7704
27 0.7698
29 0.77544
30 0.77672
31 0.7764
32 0.7747999999999999
33 0.77768
34 0.7796
35 0.77908
36 0.78032
37 0.78352
38 0.78224
39 0.7838
40 0.78408
41 0.78804
42 0.78464
43 0.786
44 0.79048
45 0.78848
46 0.7898000000000001
47 0.79128
48 0.7932
49 0.7953600000000001
50 0.79192
51 0.7956
52 0.7974
53 0.79644
54 0.79672
55 0.79976
57 0.8009999999999999
58 0.80076
59 0.7982400000000001
60 0.80176
61 0.80184
62 0.80484
63 0.80352
64 0.80484
65 0.80368
66 0.80444
67 0.80464
68 0.8089999999999999
69 0.80936
70 0.80852
71 0.80904
72 0.81
73 0.81108
74 0.81116
75 0.8114399999999999
76 0.81352
77 0.81264
78 0.8146
79 0.81516
80 0.81612
81 0.81704
82 0.81684
83 0.81732
84 0.81728
85 0.81936
86 0.82104
87 0.8195600000000001
88 0.8208
89 0.8215600000000001
90 0.82252
91 0.82316
92 0.8234
93 0.82412
94 0.825
95 0.82524
96 0.82596
97 0.8264400000000001
98 0.82652
99 0.82772
100 0.82832
