1 0.54224
2 0.49807999999999997
3 0.5482
4 0.55644
5 0.52704
6 0.52144
7 0.57192
8 0.54312
9 0.56228
10 0.56428
11 0.5502400000000001
12 0.53928
13 0.52112
14 0.55104
15 0.53776
16 0.52544
17 0.5674399999999999
18 0.56408
19 0.56088
20 0.57344
21 0.53752
22 0.5556
23 0.5666800000000001
24 0.55272
25 0.76856
26 0.77124
27 0.76936
29 0.7784800000000001
30 0.77732
31 0.777
32 0.78304
33 0.78384
34 0.78064
35 0.78488
36 0.78288
37 0.78504
38 0.78952
39 0.7881199999999999
40 0.79196
41 0.79132
42 0.7902
43 0.79128
44 0.79616
45 0.79688
46 0.7974
47 0.80032
48 0.79864
49 0.79924
50 0.80088
51 0.80196
52 0.80332
53 0.80384
54 0.80288
55 0.80596
57 0.8086800000000001
58 0.80888
59 0.80872
60 0.81024
61 0.80964
62 0.81228
63 0.81472
64 0.8142
65 0.8146
66 0.81708
67 0.81732
68 0.81812
69 0.81952
70 0.81804
71 0.82068
72 0.82016
73 0.82292
74 0.82308
75 0.82484
76 0.8254
77 0.82616
78 0.82812
79 0.8264400000000001
80 0.82796
81 0.82848
82 0.83032
83 0.83096
84 0.82996
85 0.83252
86 0.83392
87 0.83368
88 0.83504
89 0.83416
90 0.83652
91 0.8368
92 0.83632
93 0.83848
94 0.83928
95 0.8393200000000001
96 0.84084
97 0.84204
98 0.8426400000000001
99 0.8432
100 0.84416

