1 0.49451999999999996
2 0.53308
3 0.53192
4 0.5746
5 0.52644
6 0.5289200000000001
7 0.5486800000000001
8 0.5434399999999999
9 0.5654399999999999
10 0.54616
11 0.52616
12 0.5216799999999999
13 0.54696
14 0.54476
15 0.54024
16 0.5578799999999999
17 0.5460400000000001
18 0.56304
19 0.57048
20 0.56444
21 0.56532
22 0.5648
23 0.5489999999999999
24 0.55984
25 0.77588
26 0.77396
27 0.77716
29 0.7789200000000001
30 0.7746
31 0.78188
32 0.78344
33 0.78224
34 0.78408
35 0.7872
36 0.7864800000000001
37 0.7872
38 0.78996
39 0.78728
40 0.7902
41 0.79196
42 0.79296
43 0.79628
44 0.7946
45 0.7954
46 0.8016
47 0.80144
48 0.80156
49 0.80036
50 0.80276
51 0.80392
52 0.80776
53 0.80752
54 0.80816
55 0.80796
57 0.81416
58 0.8140000000000001
59 0.81408
60 0.81336
61 0.81492
62 0.8176
63 0.81892
64 0.82136
65 0.81992
66 0.821
67 0.8240000000000001
68 0.8224400000000001
69 0.82416
70 0.82468
71 0.82348
72 0.8267599999999999
73 0.82668
74 0.82748
75 0.83036
76 0.82908
77 0.82984
78 0.83136
79 0.83316
80 0.83324
81 0.83416
82 0.83556
83 0.8371999999999999
84 0.83584
85 0.8382000000000001
86 0.83884
87 0.83968
88 0.841
89 0.84216
90 0.8434
91 0.84308
92 0.84396
93 0.8442000000000001
94 0.84536
95 0.8464
96 0.84784
97 0.84832
98 0.84944
99 0.85
100 0.8508

