25 0.77208
26 0.76996
27 0.77452
29 0.77712
30 0.77748
31 0.78168
32 0.78376
33 0.7847999999999999
34 0.78396
35 0.78436
36 0.788
37 0.79128
38 0.7916
39 0.79472
40 0.79172
41 0.7982400000000001
42 0.79844
43 0.80232
44 0.79768
45 0.80184
46 0.8014
47 0.80696
48 0.80432
49 0.80808
50 0.81004
51 0.8066800000000001
52 0.8098
53 0.81304
54 0.81192
55 0.81476
57 0.8168
58 0.81848
59 0.81952
60 0.81624
61 0.8218
62 0.82252
63 0.82496
64 0.82544
65 0.8260000000000001
66 0.82652
67 0.82732
68 0.8291999999999999
69 0.82864
70 0.83008
71 0.83344
72 0.835
73 0.8336399999999999
74 0.8354
75 0.83652
76 0.83908
77 0.83916
78 0.8396
79 0.84112
80 0.8428
81 0.8436
82 0.84356
83 0.845
84 0.847
85 0.8476
86 0.84748
87 0.85104
88 0.85072
89 0.85188
90 0.85252
91 0.854
92 0.8542
93 0.85524
94 0.8556
95 0.85836
96 0.85768
97 0.8598399999999999
98 0.86024
99 0.8616
100 0.8624

