1 0.70748 0.7743294307130025 0.7730364873222016 0.7736824188407143100
2 0.7038800000000001 0.773323434793368 0.7697518320093601 0.7715334999845693100
3 0.70608 0.7680491551459293 0.7777017358302744 0.7728453072832941100
4 0.71192 0.7831098859792006 0.7697044334975369 0.77634929507484100
5 0.7162 0.7811035430856714 0.7767834949043003 0.7789375292101575100
6 0.719 0.7842399146746973 0.7770732313813253 0.7806401249024201100
7 0.72452 0.7878482289171814 0.7802259534361151 0.7840185655596323100
8 0.72936 0.796076932874793 0.7781374501992032 0.7870049738714349100
9 0.7258800000000001 0.786460299484082 0.7832570963092925 0.7848554296298622100
10 0.72612 0.7816897004565068 0.7883451059535822 0.7850032970138474100
11 0.7327600000000001 0.7869554268446235 0.7912894853453187 0.7891165051608219100
12 0.72908 0.7905888305610018 0.7831098859792006 0.7868315865672111100
13 0.73044 0.7875504032258065 0.7877985756601752 0.7876744698950818100
14 0.7272000000000001 0.7865592751069721 0.7847815168257157 0.785669390320553100
15 0.728 0.7882456804136714 0.7840923347133358 0.7861635220125787100
16 0.73692 0.7909390027841053 0.7924935015532872 0.7917154891218292100
17 0.73576 0.7892909010544926 0.792694527236984 0.7909890527115105100
18 0.73656 0.788046904551759 0.7949631137115238 0.7914899005888686100
19 0.7357199999999999 0.7899892561461164 0.7919412062848454 0.7909640269560541100
20 0.73848 0.7871040866444179 0.7983649485852973 0.792694527236984100
21 0.73532 0.7902389682640031 0.7911893157794797 0.7907138564696208100
22 0.73176 0.7926442612555485 0.7843875502008032 0.7884942913013311100
23 0.73516 0.7939028262940616 0.7873519778281683 0.7906138325796147100
24 0.73584 0.794255941034439 0.7878482289171814 0.7910391089735476100
25 0.7396400000000001 0.7958235181766091 0.7910391089735477 0.7934241010504935100
26 0.7369600000000001 0.7940541227290052 0.7894404446128584 0.7917405624524956100
27 0.7390399999999999 0.795924864692773 0.7901890132119603 0.7930465676944549100
28 0.74036 0.794255941034439 0.7934996508601536 0.7938776158267442100
29 0.74108 0.795924864692773 0.7927447995941147 0.7943316493502368100
30 0.73792 0.7948114707191454 0.7898894154818326 0.7923427991886409100
31 0.7378 0.794912559618442 0.7896399241945673 0.7922674694977025100
32 0.7372000000000001 0.794255941034439 0.7895401718039414 0.7918910357934749100
33 0.73796 0.7922925778031311 0.792443261062508 0.7923679122690248100
34 0.73632 0.7916402786573781 0.7910391089735477 0.7913395796404152100
35 0.73492 0.7940036841770945 0.7869554268446235 0.790463844183767100
36 0.7368399999999999 0.7944578619550019 0.7888923950773115 0.7916653472244212100
37 0.73892 0.792895654931811 0.793046567694455 0.7929711041329653100
38 0.7376 0.7940036841770945 0.7902889296326737 0.7921419518377693100
39 0.737 0.7919412062848454 0.791590146285859 0.7917656373713381100
40 0.7405200000000001 0.795772854596384 0.7921921541289055 0.7939784673039667100
41 0.74184 0.7963305090144613 0.793298216665609 0.7948114707191455100
42 0.7412000000000001 0.7967873533911269 0.7920415663414015 0.7944073721004131100
43 0.74024 0.7923930269413629 0.7952159806603474 0.793801994030609100
44 0.73952 0.7942054768409683 0.7924935015532872 0.7933485656257933100
45 0.74088 0.7941045676894734 0.7943064116413547 0.7942054768409683100
46 0.7405999999999999 0.7944073721004131 0.7936507936507936 0.7940289026520566100
47 0.7425999999999999 0.7960262370247724 0.7945588609204169 0.795291872117067100
48 0.74508 0.7993860714970903 0.7943568886629385 0.7968635450865393100
49 0.7405999999999999 0.7966857871255577 0.7913896802785692 0.7940289026520566100
50 0.74124 0.7954690085274277 0.7933989209774674 0.7944326162254918100
51 0.74156 0.7969397513547976 0.7923427991886409 0.7946346269985061100
52 0.74356 0.7981610369708192 0.7936507936507936 0.7958995256438827100
53 0.7437199999999999 0.7988241308793456 0.7931975379148423 0.7960008915209984100
54 0.74576 0.8005635967721276 0.7940541227290052 0.7972955734149765100
55 0.7458 0.8002560819462228 0.7944073721004131 0.7973210014351778100
56 0.7432000000000001 0.7973972952283745 0.7939532520325203 0.7956715467854869100
57 0.74248 0.7973972952283745 0.793046567694455 0.7952159806603473100
58 0.74388 0.7992327365728901 0.7929962570576667 0.7961022832213484100
59 0.7434799999999999 0.7998464294855387 0.7918910357934749 0.7958488523859547100
60 0.7434000000000001 0.7990283814881105 0.7925940016485955 0.7957981855801368100
61 0.7454799999999999 0.7990283814881105 0.7952159806603474 0.7971176226764022100
62 0.74276 0.7939532520325203 0.7968381462357366 0.795393083261748100
63 0.74436 0.7971938775510204 0.7956209025523518 0.7964066133605173100
64 0.74568 0.7975499266254068 0.7969397513547976 0.7972447222399388100
65 0.74444 0.7955702647657841 0.7973464310773745 0.7964573576730701100
66 0.74308 0.7923930269413629 0.7988241308793456 0.7955955828533241100
67 0.74484 0.7954690085274277 0.7979572294924993 0.7967111762643807100
68 0.74388 0.7959755476311767 0.7962290591757437 0.7961022832213484100
69 0.7450399999999999 0.7955196334245529 0.7981610369708192 0.7968381462357366100
70 0.74596 0.792443261062508 0.8024651730114913 0.7974227297374885100
71 0.74624 0.7927950783281538 0.8024651730114913 0.7976008167432364100
72 0.744 0.7955196334245529 0.7968381462357366 0.7961783439490446100
73 0.748 0.797804442175134 0.7996417604912999 0.7987220447284344100
74 0.7457199999999999 0.7940036841770945 0.8005635967721276 0.797270147016615100
75 0.7474000000000001 0.7941550190597204 0.8025682182985554 0.7983394539358135100
76 0.74776 0.7951148145792253 0.8020532563362207 0.798568964415767100
77 0.7478400000000001 0.7961783439490446 0.8010766470135863 0.7986199846664963100
78 0.7479199999999999 0.7959755476311767 0.8013847929221695 0.798671011436969100
79 0.74964 0.7964827322543647 0.8030838419530999 0.7997696663360951100
80 0.74912 0.7974481658692185 0.8014361736231327 0.7994371962138656100
81 0.74968 0.7975499266254068 0.8020532563362207 0.7997952524153816100
82 0.74936 0.7968889455565472 0.8023106546854942 0.7995906096078808100
83 0.74848 0.7959755476311767 0.8021047227926078 0.7990283814881104100
84 0.74964 0.7971938775510204 0.8023621541819116 0.7997696663360953100
85 0.74944 0.7969905636317266 0.8023106546854942 0.7996417604912999100
86 0.7505999999999999 0.7979572294924993 0.8028259473346179 0.800384184408516100
87 0.74932 0.7970413823885736 0.8021047227926078 0.7995650366200787100
88 0.74872 0.7960262370247724 0.8023621541819116 0.7991816380026853100
89 0.74884 0.7963305090144613 0.8022076755230394 0.7992582883084497100
90 0.7492 0.7964319847085058 0.8025682182985554 0.799488327470419100
91 0.74812 0.7949631137115238 0.8026712900532974 0.7987986068952296100
92 0.75036 0.7966350137021222 0.8038585209003215 0.8002304663743156100
93 0.75112 0.7972955734149764 0.8041688111168297 0.8007174428287747100
94 0.7502800000000001 0.7962290591757437 0.8041688111168297 0.8001792401497936100
95 0.7518400000000001 0.797702616464582 0.8046864941418823 0.8011793359825663100
96 0.7524 0.7987220447284346 0.8043758043758044 0.8015389547932029100
97 0.7521599999999999 0.798568964415767 0.8042205494434794 0.8013847929221696100
98 0.7524 0.7982120051085568 0.8048937540244687 0.8015389547932029100
99 0.7518 0.799130545965989 0.8031870461993189 0.801153661272232100
100 0.7524 0.7982629797560509 0.8048419290451355 0.8015389547932029100
