1 0.71 0.778816199376947 0.7716049382716049 0.7751937984496124100
2 0.70608 0.7685213648939441 0.7772181806876827 0.7728453072832943100
3 0.7074 0.7531481593058986 0.7952665733553888 0.7736345350456444100
4 0.70604 0.7604331427180923 0.7856200113129281 0.772821416427092100
5 0.71272 0.7756748371082842 0.777992157839049 0.7768317693120378100
6 0.7186 0.778816199376947 0.781983109164842 0.7803964413922273100
7 0.72168 0.7785251619332337 0.7860646459564835 0.7822767382189125100
8 0.72548 0.7836008024072216 0.7856200113129281 0.7846091077425227100
9 0.7238800000000001 0.776445741971551 0.7909390027841053 0.7836253643857944100
10 0.7187600000000001 0.7780405825967882 0.7829627309740056 0.7804938965377292100
11 0.72708 0.7759155803848541 0.7955196334245529 0.7855953241366307100
12 0.72428 0.7745693394472674 0.7933989209774674 0.7838710688865896100
13 0.7286 0.7765904572564613 0.79673656702148 0.7865345288658171100
14 0.7248399999999999 0.7760119195430841 0.7925940016485955 0.7842153141566548100
15 0.72624 0.7776049766718507 0.792694527236984 0.7850772516015576100
16 0.7294 0.7805670038716124 0.793600406323408 0.7870297497245397100
17 0.73072 0.7809083525957393 0.794912559618442 0.7878482289171813100
18 0.72932 0.7821298961331498 0.7918910357934749 0.7869801995781787100
19 0.72544 0.78315894994048 0.7860152172546061 0.7845844840572433100
20 0.7292799999999999 0.7890915977526671 0.7848307904815722 0.7869554268446235100
21 0.72868 0.792694527236984 0.7805670038716124 0.7865840229053268100
22 0.72444 0.7872528026199773 0.7807132596340016 0.7839693938348646100
23 0.72736 0.793600406323408 0.7780890133831311 0.7857681669600203100
24 0.73104 0.792694527236984 0.7834534628643058 0.7880469045517589100
25 0.73004 0.7909390027841053 0.7839448102853559 0.7874263756338783100
26 0.73004 0.7924935015532872 0.7824236354531797 0.7874263756338783100
27 0.7336 0.7946093700336915 0.7847322493565195 0.7896399241945673100
28 0.7340800000000001 0.7951148145792253 0.7848307904815722 0.7899393326592519100
29 0.733 0.7993349533188387 0.7794475275924425 0.7892659826361484100
30 0.73292 0.7988751837412923 0.7797878976918278 0.7892161505193043100
31 0.7332000000000001 0.7990283814881105 0.7799825283913641 0.7893905904641616100
32 0.7306 0.79673656702148 0.779010345257385 0.7877737513786041100
33 0.73096 0.7953677780605752 0.7807620237351656 0.7879972262497636100
34 0.72956 0.7969397513547976 0.7775566061209256 0.7871288687383898100
35 0.73044 0.7982629797560509 0.777363184079602 0.7876744698950819100
36 0.7298 0.795772854596384 0.778961799713342 0.7872775940796725100
37 0.73056 0.7946093700336915 0.7810059356451109 0.7877489286614571100
38 0.7308 0.7961783439490446 0.7797878976918278 0.7878978884336589100
39 0.7325999999999999 0.7969905636317266 0.781201174926567 0.7890168849613381100
40 0.7312000000000001 0.7946598855689765 0.7817385866166354 0.7881462799495585100
41 0.7303999999999999 0.795924864692773 0.7795447458684128 0.7876496534341524100
42 0.7306 0.7933485656257934 0.7822767382189123 0.7877737513786041100
43 0.72908 0.792694527236984 0.781054736315921 0.7868315865672111100
44 0.7297199999999999 0.7982629797560509 0.7764939744067586 0.7872280127216047100
45 0.73024 0.7970413823885736 0.7782827968370587 0.7875504032258064100
46 0.73468 0.7964827322543647 0.7842399146746973 0.790313912686119100
47 0.7342 0.79638124362895 0.783748197379146 0.7900142202559646100
48 0.73468 0.7980081716036772 0.7827666103074707 0.790313912686119100
49 0.7352799999999999 0.7983649485852973 0.78315894994048 0.7906888481244861100
50 0.73584 0.7987220447284346 0.7835025698884293 0.7910391089735477100
51 0.73648 0.7975499266254068 0.7854225573358466 0.7914397872609852100
52 0.73752 0.7989773090444231 0.785323867562983 0.7920917559090046100
53 0.73784 0.8004098098226292 0.7843383321829704 0.7922925778031312100
54 0.73864 0.8023621541819116 0.7834534628643058 0.7927950783281538100
55 0.7394000000000001 0.8024651730114913 0.7842891203413226 0.793273044581945100
56 0.73892 0.8018988965871183 0.7842399146746973 0.7929711041329655100
57 0.73992 0.8036517937508036 0.7837973413594181 0.7936004063234081100
58 0.73948 0.8024651730114913 0.7843875502008032 0.7933233903468411100
59 0.73992 0.799488327470419 0.7877985756601752 0.7936004063234081100
60 0.741 0.7995394652680057 0.7890915977526671 0.7942811755361399100
61 0.74124 0.8006661542403279 0.788295390048559 0.7944326162254918100
62 0.74004 0.7971430393469804 0.7902389682640031 0.7936759897139593100
63 0.73976 0.8005635967721276 0.7865592751069721 0.7934996508601537100
64 0.74112 0.8019503432347469 0.7869058860560277 0.7943568886629385100
65 0.73988 0.7998976131055225 0.7873519778281683 0.7935752150588833100
66 0.7429600000000001 0.7992327365728901 0.7918408716584315 0.795519633424553100
67 0.7425999999999999 0.8022076755230394 0.788494291301331 0.795291872117067100
68 0.74288 0.8017960230917255 0.7892410657911353 0.7954690085274279100
69 0.74428 0.8037034655693436 0.7891414141414141 0.7963558755136496100
70 0.74196 0.8005635967721276 0.7892909010544926 0.7948872849829894100
71 0.73892 0.7992327365728901 0.7868068231887707 0.7929711041329653100
72 0.7388399999999999 0.797702616464582 0.7881959770477331 0.7929208030701893100
73 0.73948 0.800102413108878 0.7866582756450597 0.793323390346841100
74 0.74056 0.7983649485852973 0.7896898098426938 0.7940036841770945100
75 0.7421599999999999 0.7997952524153816 0.7902889296326737 0.7950136742351968100
76 0.74228 0.7995394652680057 0.790688848124486 0.7950895270807493100
77 0.7429600000000001 0.7989262431292343 0.7921419518377694 0.7955196334245529100
78 0.74316 0.7992327365728901 0.7920917559090045 0.7956462238630215100
79 0.7428 0.8011279882073961 0.7897896000505465 0.7954183900731786100
80 0.7425999999999999 0.8 0.7906388361796332 0.795291872117067100
81 0.74392 0.7996929179195189 0.7925940016485955 0.7961276351824724100
82 0.7432000000000001 0.7985179506835314 0.7928453634403146 0.795671546785487100
83 0.74308 0.7988241308793456 0.7923930269413629 0.7955955828533241100
84 0.7434000000000001 0.7988241308793456 0.7927950783281538 0.7957981855801369100
85 0.7438 0.7987220447284346 0.7933989209774674 0.7960515841426525100
86 0.74112 0.7974990430011484 0.7912393973920749 0.7943568886629384100
87 0.7412000000000001 0.798568964415767 0.7902889296326737 0.7944073721004132100
88 0.74228 0.7973972952283745 0.7927950783281538 0.7950895270807492100
89 0.74224 0.7989773090444231 0.7911893157794797 0.7950642411906881100
90 0.74248 0.7985179506835314 0.7919412062848454 0.7952159806603474100
91 0.74236 0.795924864692773 0.7943568886629385 0.7951401036862695100
92 0.7441599999999999 0.7971430393469804 0.7954183900731785 0.7962797808638044100
93 0.7440800000000001 0.798568964415767 0.7939028262940616 0.7962290591757438100
94 0.74508 0.7976517133558803 0.796076932874793 0.7968635450865394100
95 0.74472 0.7998464294855387 0.7934492827218484 0.7966350137021222100
96 0.74544 0.7997952524153816 0.7944073721004131 0.7970922076265783100
97 0.74596 0.8 0.7948620119547246 0.7974227297374884100
98 0.7449600000000001 0.799744081893794 0.7938524069604979 0.7967873533911269100
99 0.74544 0.799130545965989 0.7950642411906882 0.7970922076265782100
100 0.7434799999999999 0.7969905636317266 0.794710407527497 0.7958488523859548100
