1 0.71556 0.7023261040566355 0.8733319360022357 0.77854940674535210
2 0.7103200000000001 0.6829108391608392 0.8968288133161142 0.775386142298864810
3 0.7147600000000001 0.686436024162548 0.8979239997126643 0.778064797236313810
4 0.7147600000000001 0.7031953195319532 0.8707767328456983 0.778064797236313910
5 0.71584 0.7031953195319532 0.8724176437744277 0.778719162721156210
6 0.7174 0.703789201058499 0.8738814317673378 0.77966630282239210
7 0.71696 0.7058159232072275 0.8701099819017124 0.779398927547075610
8 0.7146399999999999 0.6887052341597796 0.8938787185354691 0.777992157839049110
9 0.7142 0.6885534868348573 0.8934314916732184 0.777725929382485510
10 0.7163200000000001 0.691830861191056 0.8913291500285225 0.77901034525738510
11 0.7158800000000001 0.6919457514530861 0.8904402336515174 0.778743419618104210
12 0.7176400000000001 0.6916777335104028 0.8936869950668478 0.779812221217130910
13 0.71816 0.6917925729149372 0.8943263933605209 0.780128565187542910
14 0.71824 0.6918691537056512 0.8943263933605209 0.780177256272625110
15 0.7170799999999999 0.7044237813468582 0.8724176437744277 0.779471829888067810
16 0.7182 0.6917925729149372 0.8943903835145964 0.780152909970354110
17 0.7183999999999999 0.6917542888765911 0.8947745168217609 0.780274656679151110
18 0.7188 0.6917542888765911 0.8954154727793696 0.780518264127380610
19 0.7187600000000001 0.6917542888765911 0.8953513358641931 0.780493896537729210
20 0.7187600000000001 0.6917542888765911 0.8953513358641931 0.780493896537729210
21 0.71844 0.6911423200265399 0.8958646885974343 0.780299010580854510
22 0.7183200000000001 0.6912952107067802 0.8954154727793696 0.78022595343611510
23 0.71864 0.6911041079228175 0.896250089625009 0.780420802896922110
24 0.7176 0.7037495777502534 0.8742481465939292 0.779787897691827810
25 0.7172000000000001 0.7038684610619967 0.8734539864439941 0.779544745868412810
26 0.71732 0.7040270346381301 0.873392956959195 0.779617675491938810
27 0.7178800000000001 0.7045031843543933 0.8735150244584207 0.779958194240788710
28 0.7178800000000001 0.7045031843543933 0.8735150244584207 0.779958194240788710
29 0.71776 0.704463480613165 0.873392956959195 0.779885200898427710
30 0.71872 0.6916777335104028 0.8954154727793696 0.780469530469530510
31 0.71888 0.691716009075314 0.8956079386687683 0.780567003871612410
32 0.71888 0.6917542888765911 0.8955437741796819 0.780567003871612310
33 0.7187600000000001 0.6917542888765911 0.8953513358641931 0.780493896537729210
34 0.7187600000000001 0.6914864192067268 0.8958004873154651 0.780493896537729210
35 0.71888 0.6915629322268326 0.8958646885974343 0.780567003871612310
36 0.71904 0.6916394621811542 0.8959931187728478 0.780664501623782210
37 0.7188399999999999 0.6913716814159292 0.8961215857767582 0.780542633238627510
38 0.7188 0.6912952107067802 0.8961858330943504 0.780518264127380610
39 0.71932 0.6932120674356699 0.8938148015731141 0.780835181309929110
40 0.7188 0.6912952107067802 0.8961858330943504 0.780518264127380610
41 0.7188 0.6912952107067802 0.8961858330943504 0.780518264127380610
42 0.71896 0.6914481690452484 0.8961858330943504 0.780615749703366110
43 0.71904 0.6914864192067268 0.896250089625009 0.780664501623782110
44 0.71896 0.6914099231152165 0.896250089625009 0.780615749703366110
45 0.719 0.6914481690452484 0.896250089625009 0.780640124902420210
46 0.71896 0.6914099231152165 0.896250089625009 0.780615749703366110
47 0.7190799999999999 0.6913334439466844 0.896571510543681 0.780688879867595210
48 0.7190799999999999 0.6916394621811542 0.8960573476702509 0.780688879867595210
49 0.71916 0.6916011950868651 0.896250089625009 0.780737640923144110
50 0.7192000000000001 0.6916394621811542 0.896250089625009 0.780762023735165610
51 0.71924 0.6916777335104028 0.896250089625009 0.780786408070208310
52 0.71924 0.6916777335104028 0.896250089625009 0.780786408070208310
53 0.71808 0.7042650290157192 0.8741870060843415 0.780079880179730410
54 0.71808 0.7044237813468582 0.8739425295392576 0.780079880179730410
55 0.71808 0.7044237813468582 0.8739425295392576 0.780079880179730410
56 0.7186 0.7064142413111049 0.8716875871687587 0.780396441392227310
57 0.71872 0.7065739641625686 0.8716268042674848 0.780469530469530510
58 0.71872 0.7065739641625686 0.8716268042674848 0.780469530469530510
59 0.7187600000000001 0.7066139061616733 0.8716268042674848 0.78049389653772910
60 0.7188 0.7067337592582122 0.871505263891794 0.780518264127380610
61 0.7188399999999999 0.7067737193260206 0.871505263891794 0.780542633238627510
62 0.7199599999999999 0.6940973957465711 0.8933676386506575 0.781225586700415610
63 0.72012 0.6938662225922843 0.894006579888428 0.781323249054598910
64 0.7196400000000001 0.6919840566873339 0.8963786303334529 0.781030335218219910
65 0.7196 0.6919840566873339 0.8963143553707156 0.781005935645110910
66 0.71956 0.6919457514530861 0.8963143553707156 0.780981537596451310
67 0.7196400000000001 0.6920223661628744 0.8963143553707156 0.781030335218219910
68 0.72016 0.6939432631988008 0.8939426446399199 0.781347668458557410
69 0.7202 0.6939817899178325 0.8939426446399199 0.78137208938896710
70 0.72024 0.6940203209149964 0.8939426446399199 0.781396511845971110
71 0.72024 0.6940203209149964 0.8939426446399199 0.781396511845971110
72 0.71972 0.6920989978406511 0.8963143553707156 0.781079138938357210
73 0.71972 0.6920989978406511 0.8963143553707156 0.781079138938357210
74 0.7198800000000001 0.6924440505207179 0.8959931187728478 0.781176764678311410
75 0.7203999999999999 0.694367292523053 0.8936231055190162 0.781494216942794610
76 0.72048 0.6943287229906127 0.8938148015731141 0.781543078654495510
77 0.72044 0.6945602044785242 0.8933676386506575 0.781518647034918210
78 0.72052 0.6945602044785242 0.8934953538241601 0.781567511801669410
79 0.72008 0.6928278461367919 0.8956721123531097 0.781298831176948510
80 0.7206 0.6947532236549577 0.8933037947545202 0.781616382679380910
81 0.72004 0.6928278461367919 0.8956079386687683 0.781274414825463310
82 0.72004 0.6928278461367919 0.8956079386687683 0.781274414825463310
83 0.72004 0.6925975177304965 0.8959931187728478 0.781274414825463410
84 0.72004 0.6925975177304965 0.8959931187728478 0.781274414825463410
85 0.71992 0.6921373200442967 0.896571510543681 0.78120117492656710
86 0.71992 0.6921373200442967 0.896571510543681 0.78120117492656710
87 0.71992 0.6921373200442967 0.896571510543681 0.78120117492656710
88 0.72052 0.6940973957465711 0.8942624123622835 0.781567511801669510
89 0.72052 0.6942130400977452 0.8940705242829554 0.781567511801669510
90 0.72052 0.6942130400977452 0.8940705242829554 0.781567511801669510
91 0.72048 0.6941744876992281 0.8940705242829554 0.781543078654495510
92 0.72048 0.6941744876992281 0.8940705242829554 0.781543078654495510
93 0.72048 0.6941744876992281 0.8940705242829554 0.781543078654495510
94 0.72048 0.6941744876992281 0.8940705242829554 0.781543078654495510
95 0.72048 0.6941744876992281 0.8940705242829554 0.781543078654495510
96 0.72048 0.6941744876992281 0.8940705242829554 0.781543078654495510
97 0.72048 0.6941744876992281 0.8940705242829554 0.781543078654495510
98 0.72036 0.6941744876992281 0.8938787185354691 0.781469788377981210
99 0.7203999999999999 0.6939432631988008 0.8943263933605209 0.781494216942794510
100 0.72044 0.6939817899178325 0.8943263933605209 0.781518647034918210
