1 0.7227600000000001 0.7183082404321343 0.8603482689792828 0.78293821051642620
2 0.721 0.7152666514076448 0.8621284226498379 0.781860828772478520
3 0.72544 0.7135925101330136 0.8712622847982157 0.784584484057243320
4 0.7260800000000001 0.7164144887666208 0.8680555555555556 0.784978648580758620
5 0.7296400000000001 0.7217506784456378 0.8656509695290858 0.78717843760823720
6 0.7332799999999999 0.7250159503509077 0.8664309974353642 0.789440444612858320
7 0.73524 0.7287354981635865 0.8640951195907646 0.790663841361206920
8 0.73404 0.7271669575334497 0.8645134518293105 0.789914373281936320
9 0.7345200000000001 0.7269977899267186 0.8654711625008654 0.790213989948477920
10 0.7347600000000001 0.7271246582514106 0.8656509695290858 0.79036388353197820
11 0.7361599999999999 0.7276749330539062 0.8669718407546123 0.791239397392074920
12 0.74004 0.7342575187969925 0.8635578583765112 0.793675989713959320
13 0.73996 0.7337833871441151 0.8640951195907646 0.793625599187327620
14 0.74192 0.7342143906020558 0.8664309974353642 0.794862011954724720
15 0.74124 0.7322359557143694 0.8681761355743853 0.794432616225491820
16 0.7412000000000001 0.7317215945676989 0.8688399249322305 0.79440737210041320
17 0.74176 0.7327510405064775 0.8682364381468362 0.79476093591047820
18 0.74108 0.7336972471679286 0.8658908284843447 0.794331649350236720
19 0.7425999999999999 0.734300652058979 0.8673327782403553 0.79529187211706720
20 0.74188 0.7321501786446436 0.8692628650904033 0.794836740533494420
21 0.74176 0.7320644216691069 0.8692024198595368 0.794760935910478120
22 0.74236 0.7327080890973037 0.8692024198595368 0.795140103686269620
23 0.74276 0.733525027873951 0.8686587908269632 0.795393083261747820
24 0.74336 0.7332668504722238 0.8699283179066045 0.79577285459638420
25 0.7424 0.7323217528853477 0.8698072507132419 0.795165394402035620
26 0.7425200000000001 0.7323646590110148 0.8699283179066045 0.795241276203200120
27 0.7429600000000001 0.7356835971985168 0.8659508139937652 0.795519633424552920
28 0.7428 0.7336972471679286 0.8684777322309456 0.795418390073178520
29 0.74288 0.7335680751173709 0.8687795385043091 0.795469008527427720
30 0.7434000000000001 0.7333528894103842 0.8698677800974252 0.795798185580136820
31 0.7436400000000001 0.7334819856824316 0.8700494188069883 0.795950205355152920
32 0.744 0.733525027873951 0.870534159760429 0.796178343949044620
33 0.74436 0.7341712674732762 0.8701705534284719 0.796406613360517420
34 0.74404 0.7339557277904997 0.869988864142539 0.796203700754801220
35 0.74488 0.7348186467579801 0.8700494188069883 0.796736567021480220
36 0.74508 0.7346890795815211 0.870534159760429 0.796863545086539320
37 0.74492 0.7345163944059231 0.870534159760429 0.796761959397010620
38 0.7449600000000001 0.7345163944059231 0.8705947903607745 0.79678735339112720
39 0.7445999999999999 0.7337833871441151 0.8710801393728222 0.796558865700175220
40 0.744 0.7334389485419234 0.8706554294072578 0.796178343949044620
41 0.74396 0.733309867417576 0.8707767328456983 0.796152988758319720
42 0.745 0.7331808317203355 0.872539438782633 0.79681274900398420
43 0.7449600000000001 0.7331378299120235 0.872539438782633 0.79678735339112720
44 0.74516 0.7326651427231698 0.8735150244584207 0.79691434764591520
45 0.74512 0.7345163944059231 0.8708373972411871 0.796888945556547320
46 0.745 0.732965873108948 0.872844075134418 0.79681274900398420
47 0.74512 0.7332238385734396 0.8726612678022898 0.796888945556547220
48 0.7449600000000001 0.7320215507144531 0.8741258741258742 0.796787353391126920
49 0.74472 0.7319786847806992 0.8738203425375742 0.796635013702122220
50 0.74524 0.7325363338021565 0.8738203425375742 0.796965156683349720
51 0.74536 0.7315074906367042 0.8754727552878554 0.797041382388573720
52 0.7454000000000001 0.7324075701646452 0.8742481465939292 0.797066794197353720
53 0.745 0.7321930646672915 0.8739425295392576 0.796812749003984220
54 0.74524 0.7333528894103842 0.8726612678022898 0.796965156683349820
55 0.7449600000000001 0.7330948331476159 0.8726003490401396 0.796787353391126920
56 0.745 0.7332668504722238 0.8724176437744277 0.79681274900398420
57 0.74492 0.733309867417576 0.8722350150024423 0.796761959397010720
58 0.74472 0.7339126350399249 0.8710801393728222 0.796635013702122320
59 0.7454000000000001 0.7347322635631576 0.870958751393534 0.797066794197353620
60 0.74556 0.7338264647176236 0.8724785370279892 0.797168457638468120
61 0.7460800000000001 0.7345163944059231 0.8722958827634334 0.797499043001148420
62 0.74628 0.7357268981753973 0.8708980700898766 0.797626264237628820
63 0.74624 0.7355970105337492 0.8710194411539266 0.797600816743236420
64 0.74632 0.7353806330156489 0.8714445064138315 0.797651713355880320
65 0.7468 0.7359001530672319 0.8714445064138315 0.797957229492499320
66 0.74656 0.7356403013182674 0.8714445064138315 0.797804442175133920
67 0.74692 0.7361601884570083 0.8712622847982157 0.798033645098477320
68 0.7470399999999999 0.7350346936375397 0.8730269590724962 0.798110075341591120
69 0.747 0.7351211479651847 0.872844075134418 0.798084596967278520
70 0.74692 0.7350346936375397 0.872844075134418 0.798033645098477420
71 0.74676 0.7348618459729571 0.872844075134418 0.7979317608758120
72 0.74664 0.7345595580889699 0.8730879374170566 0.797855364779472820
73 0.7472 0.7352508675960238 0.872965989245059 0.798212005108556920
74 0.74692 0.7341712674732762 0.8740647507167331 0.798033645098477320
75 0.7468 0.7334389485419234 0.8749212570868622 0.797957229492499120
76 0.7465200000000001 0.7335680751173709 0.8743092956564315 0.797778983310463620
77 0.74664 0.7336541847634699 0.8743704532736429 0.797855364779472720
78 0.7465999999999999 0.7339557277904997 0.8738814317673378 0.797829902664751820
79 0.7465200000000001 0.733740314627847 0.8740647507167331 0.797778983310463820
80 0.74648 0.7337833871441151 0.8739425295392576 0.797753526070585320
81 0.7465999999999999 0.7338264647176236 0.8740647507167331 0.797829902664751820
82 0.74628 0.7338695473492632 0.8735150244584207 0.797626264237628820
83 0.7456400000000001 0.7349914740989004 0.870958751393534 0.797219299084792220
84 0.7456 0.7336972471679286 0.872722195070865 0.797193877551020420
85 0.7456 0.7341712674732762 0.8720524626761545 0.797193877551020620
86 0.74568 0.7358135154226513 0.8698677800974252 0.797244722239938720
87 0.74568 0.7356403013182674 0.8701099819017124 0.797244722239938720
88 0.7454799999999999 0.7366808109382367 0.868357068426537 0.797117622676402220
89 0.74544 0.7365505862942667 0.8684777322309456 0.797092207626578320
90 0.7458400000000001 0.7367676529529648 0.8687795385043091 0.797346431077374620
91 0.74556 0.7366373976074018 0.868538076709283 0.797168457638468220
92 0.74544 0.7364204076823377 0.8686587908269632 0.797092207626578320
93 0.7456400000000001 0.7365939893930465 0.8687191604698034 0.797219299084792320
94 0.7458 0.7368110816386678 0.8686587908269632 0.797321001435177720
95 0.74568 0.7352508675960238 0.8706554294072578 0.797244722239938820
96 0.74596 0.7354238983350003 0.8708373972411871 0.797422729737488420
97 0.7461599999999999 0.7352508675960238 0.8713837574067619 0.797549926625406720
98 0.7452 0.7371152258521052 0.8673327782403553 0.796939751354797620
99 0.746 0.7367676529529648 0.8690211345939933 0.797448165869218520
100 0.74676 0.7366373976074018 0.8703523186185768 0.797931760875809920
