1 0.71976 0.7410481384870761 0.8257365570088518 0.781103543085671430
2 0.72348 0.7215007215007215 0.8568686591719221 0.783379813868956330
3 0.72256 0.7169486664754804 0.8620095165850631 0.782815631262525130
4 0.72688 0.7330948331476159 0.8459091831900927 0.785471911524443830
5 0.72828 0.7322788517867604 0.8490117503226244 0.786336614978139830
6 0.7302 0.7293307660890367 0.8558126797206628 0.787525594581823930
7 0.72976 0.733998825601879 0.848838788537281 0.787252802619977330
8 0.73344 0.7361601884570083 0.8512666848270226 0.789540171803941330
9 0.7354 0.737724268177526 0.8520209937972871 0.790763877906057230
10 0.73804 0.737724268177526 0.8558712769599452 0.792418143205806830
11 0.7401599999999999 0.7406090769048466 0.8551101381857983 0.79375158750317530
12 0.74132 0.7468483001732688 0.8486082824168364 0.794483109289096630
13 0.742 0.7470714797991872 0.8493001766544367 0.794912559618441930
14 0.74472 0.7512922226229114 0.847802495930548 0.796635013702122230
15 0.7438 0.7501650363079878 0.8479175145841813 0.796051584142652530
16 0.74112 0.7457788914742557 0.8497043029025899 0.794356888662938530
17 0.74476 0.7525586995785671 0.8462527926342157 0.796660399604856530
18 0.74468 0.7515180664943185 0.847457627118644 0.796609629417200430
19 0.74676 0.7519249278152069 0.8499354049092269 0.797931760875809930
20 0.7452 0.7441805084241233 0.8577506347354698 0.796939751354797630
21 0.74552 0.7437819826252529 0.8587524045067326 0.797143039346980430
22 0.7454799999999999 0.7436492355285859 0.8588704136319912 0.797117622676402130
23 0.743 0.7435607637856165 0.8553441905022581 0.795544948289578330
24 0.74232 0.7425007425007425 0.8557540905045526 0.795114814579225230
25 0.74412 0.7497600767754319 0.8488964346349746 0.796254419212026630
26 0.7436 0.7497600767754319 0.848147645542136 0.795924864692773130
27 0.7465200000000001 0.7509762691498949 0.8508031581813231 0.797778983310463630
28 0.7458 0.7493106342165208 0.8519048592653172 0.797321001435177830
29 0.7458 0.7507056633235241 0.8501088139281828 0.797321001435177830
30 0.74848 0.7512470701364264 0.8533005665915763 0.799028381488110530
31 0.74864 0.7514728868582422 0.8532423208191127 0.79913054596598930
32 0.74812 0.7507507507507507 0.8534170819963133 0.798798606895229530
33 0.7474799999999999 0.7438705070221376 0.861534220139224 0.798390444863155930
34 0.74864 0.7445794615201334 0.8623068432671082 0.79913054596598930
35 0.74796 0.7441805084241233 0.8618312189740761 0.798696527267499430
36 0.7490399999999999 0.7452009061643019 0.8620689655172413 0.799386071497090330
37 0.75008 0.7439147771231328 0.8653513326410522 0.800051203277009730
38 0.74968 0.7432954748171493 0.8655910255522471 0.799795252415381630
39 0.75076 0.7444464296349235 0.8656509695290858 0.80048669591111430
40 0.7497199999999999 0.7449344457687723 0.8634385577122332 0.799820840131810430
41 0.7498 0.7443134452780755 0.864393887006431 0.799872020476723830
42 0.74956 0.7451120648545542 0.8629616845012081 0.799718499088320930
43 0.7492 0.7442248154322457 0.8636175210722675 0.799488327470418830
44 0.75064 0.7438262421898244 0.8663109016563865 0.800409809822629230
45 0.7508 0.7453342078588039 0.8645134518293105 0.800512327889849530
46 0.75108 0.7464469126955691 0.8634385577122332 0.800691797713224330
47 0.75064 0.7455564833591793 0.8639756704451202 0.800409809822629230
48 0.75148 0.7507507507507507 0.8583396278239374 0.80094832281421230
49 0.75024 0.741399762752076 0.8690211345939933 0.800153629496863430
50 0.7498400000000001 0.7417517208639924 0.8679350090265241 0.799897613105522530
51 0.7502800000000001 0.7419278252611586 0.868357068426537 0.800179240149793630
52 0.75068 0.7423243660549914 0.8684173961372794 0.800435436877661530
53 0.7525999999999999 0.7525586995785671 0.8576329331046312 0.80166746833413530
54 0.75128 0.7453342078588039 0.8652315359590226 0.80082003972067430
55 0.75056 0.7453786523553966 0.8640951195907646 0.800358560635164630
56 0.75044 0.746224106023521 0.8627829928216455 0.800281699158103730
57 0.75044 0.7466698524580372 0.8621878879845496 0.800281699158103730
58 0.75096 0.7524228014205743 0.855402723602272 0.800614872221866430
59 0.75208 0.7533751205400193 0.8558126797206628 0.80133341880889830
60 0.7524 0.7517440461871542 0.8583985716247768 0.801538954793202930
61 0.75168 0.7512470701364264 0.8579861349440593 0.801076647013586330
62 0.75168 0.7505704335294824 0.8588704136319912 0.801076647013586330
63 0.7514000000000001 0.7501650363079878 0.8589884551951622 0.800897004645202630
64 0.75168 0.7496251874062968 0.8601114704465699 0.801076647013586330
65 0.75136 0.743383883437407 0.8679952781056871 0.80087134802665330
66 0.75152 0.7427654643769683 0.8690815546130849 0.800973984364987930
67 0.75168 0.7481446013885564 0.8620689655172413 0.801076647013586330
68 0.75156 0.7480998264408403 0.8619500758516067 0.80099964756015530
69 0.75164 0.7483685565467282 0.8617123948710879 0.801050978884296330
70 0.75148 0.7484581761571163 0.8613561190738699 0.800948322814211930
71 0.75248 0.7493106342165208 0.8617123948710879 0.801590355264845530
72 0.75212 0.7491310080306844 0.8614154779133072 0.801359105042151630
73 0.7522800000000001 0.7500750075007501 0.8604074889867841 0.801461866444394530
74 0.7527200000000001 0.7511567814434229 0.8596382642184169 0.801744596241421430
75 0.752 0.74967014513614 0.8605259534627564 0.801282051282051330
76 0.75284 0.7510665144505198 0.8599339570720969 0.801821738990987530
77 0.75192 0.7442691277165823 0.8676337891302839 0.801230690340362830
78 0.75244 0.7506155047138654 0.8599339570720969 0.801564654205008230
79 0.75212 0.7441805084241233 0.8680555555555556 0.801359105042151530
80 0.75248 0.7515180664943185 0.8588114050154586 0.801590355264845530
81 0.75232 0.7513373805373565 0.8588114050154586 0.801487560913054730
82 0.7522 0.7514728868582422 0.8584575235217361 0.801410482449110530
83 0.75164 0.7507507507507507 0.8585754516106876 0.801050978884296230
84 0.7527200000000001 0.7514728868582422 0.8592246356887545 0.801744596241421230
85 0.7521599999999999 0.7514277126540427 0.8584575235217361 0.801384792922169630
86 0.75212 0.7517440461871542 0.8579861349440593 0.801359105042151530
87 0.752 0.751698839376992 0.8578683686775102 0.801282051282051230
88 0.75188 0.7514277126540427 0.858045030203185 0.801205012338557230
89 0.75192 0.7512922226229114 0.8582806921175501 0.801230690340362830
90 0.75196 0.7514277126540427 0.8581628449814637 0.801256369988141430
91 0.75148 0.7457788914742557 0.8649321893163576 0.800948322814211930
92 0.7518400000000001 0.7460904858541244 0.8650519031141869 0.801179335982566330
93 0.75196 0.7461350205933266 0.865171650055371 0.801256369988141430
94 0.75152 0.7459569135286745 0.8647526807333102 0.800973984364987830
95 0.75192 0.7460904858541244 0.865171650055371 0.801230690340362830
96 0.75236 0.7465360726230291 0.8652315359590226 0.801513257029271130
97 0.75236 0.7467144563918757 0.8649920420732129 0.801513257029271330
98 0.75268 0.7473841554559043 0.8645732466454558 0.801718885290061730
99 0.75348 0.7476970929537026 0.8653513326410522 0.802233417835253330
100 0.75348 0.7476523715533225 0.8654112434228746 0.802233417835253430
