1 0.71892 0.7392950082801041 0.8267742575567167 0.780591376026477730
2 0.71932 0.7206687806284232 0.8519629225736096 0.780835181309929130
3 0.72124 0.7139593328763993 0.864393887006431 0.782007569833275930
4 0.72544 0.7301401869158879 0.847802495930548 0.784584484057243230
5 0.7268399999999999 0.7300549001284896 0.8499354049092269 0.78544723365484330
6 0.7283999999999999 0.7266174504446898 0.8569274011105779 0.786410821012897230
7 0.72848 0.7318929679723637 0.8498198381943028 0.78646029948408230
8 0.73188 0.7332238385734396 0.8529512111907199 0.78856890515093230
9 0.7345200000000001 0.7360734895771994 0.8529512111907199 0.79021398994847830
10 0.73748 0.7362035455562754 0.8571036752605595 0.792066660330133530
11 0.73944 0.738508803024932 0.8568686591719221 0.79329821666560930
12 0.74048 0.7438262421898244 0.8513246611727848 0.793953252032520330
13 0.74204 0.7447569113441372 0.8523695874531196 0.794937835861235730
14 0.74428 0.7494454103963067 0.8495310588555117 0.796355875513649530
15 0.74332 0.748323754789272 0.8495887990212737 0.795747525225196530
16 0.73996 0.7434723130910605 0.8510348583877996 0.793625599187327430
17 0.7441599999999999 0.7503451587730356 0.8482051978014521 0.796279780863804430
18 0.7440800000000001 0.7493106342165208 0.8494156020657787 0.796229059175743630
19 0.7454799999999999 0.749400479616307 0.8513246611727848 0.797117622676402130
20 0.74468 0.748189381696295 0.8517307168165713 0.796609629417200430
21 0.7448 0.747920780230958 0.8522533578782301 0.796685787125557830
22 0.74404 0.7416196974191634 0.8594609460946094 0.796203700754801130
23 0.7416 0.7414877209633408 0.8560471168333105 0.794659885568976530
24 0.742 0.7463577740625746 0.8502244592572439 0.79491255961844230
25 0.74396 0.7480998264408403 0.8508031581813231 0.796152988758319730
26 0.7430399999999999 0.7480998264408403 0.8494733265375467 0.795570264765784130
27 0.74644 0.7486823191183517 0.8536502082906509 0.797728070455343230
28 0.7454000000000001 0.7480550568521843 0.8529512111907199 0.797066794197353730
29 0.74532 0.7491310080306844 0.8514406375587494 0.797015972200082930
30 0.7472799999999999 0.7488168693464327 0.8547008547008547 0.798262979756050930
31 0.7478400000000001 0.7484133636690217 0.8560471168333105 0.798619984666496330
32 0.74736 0.7480998264408403 0.8557540905045526 0.798313960914548530
33 0.74768 0.7423684523102506 0.8638562543192813 0.798517950683531330
34 0.74872 0.7429420505200595 0.864633049733693 0.799181638002685330
35 0.7482800000000001 0.7425889621576665 0.8644536652835408 0.798900712619435630
36 0.74884 0.7429862101759391 0.8647526807333102 0.799258288308449830
37 0.74936 0.7424125438023401 0.8663109016563865 0.799590609607880830
38 0.74956 0.7480998264408403 0.8589884551951622 0.799718499088320930
39 0.74976 0.7420159088210851 0.8674531575294934 0.799846429485538730
40 0.7490399999999999 0.7488617301701413 0.8572212316554656 0.799386071497090330
41 0.74832 0.7419278252611586 0.8654112434228746 0.798926243129234330
42 0.74892 0.7488168693464327 0.8571036752605595 0.799309396681267430
43 0.74752 0.7416637000118667 0.8645732466454558 0.798415942769545330
44 0.74952 0.7412678645555358 0.8681158413778735 0.79969291791951930
45 0.74968 0.7426772027805835 0.8664309974353642 0.799795252415381630
46 0.75 0.7436934792955735 0.8655310898767484 0.830
47 0.74956 0.7428096030425482 0.8660708099494214 0.799718499088320930
48 0.75012 0.748189381696295 0.859697386519945 0.800076807373507830
49 0.75056 0.7487271638215034 0.8596382642184169 0.800358560635164530
50 0.75052 0.7491759065028468 0.8589884551951622 0.800332938502416930
51 0.7512 0.7497600767754319 0.8592246356887545 0.80076873798846930
52 0.75132 0.7501200192030725 0.8589294303580017 0.800845693051862730
53 0.75212 0.7509311546317433 0.8590474881451446 0.801359105042151430
54 0.75104 0.7488168693464327 0.860229853416833 0.800666154240327930
55 0.75052 0.7489514679448772 0.8592837011067574 0.80033293850241730
56 0.7501599999999999 0.7495802350683617 0.8579272477693891 0.800102413108877930
57 0.7498400000000001 0.7503001200480192 0.8565163765931204 0.799897613105522430
58 0.75032 0.7498500299940012 0.8578094976667582 0.800204852442225230
59 0.7512 0.7514277126540427 0.8570449091532396 0.800768737988468930
60 0.7514000000000001 0.7498950146979423 0.8593427746459508 0.800897004645202630
61 0.7512 0.7487720138972086 0.8605259534627564 0.800768737988468930
62 0.75096 0.7478760320689243 0.8613561190738699 0.800614872221866330
63 0.75056 0.7474735394367039 0.861296768414525 0.800358560635164630
64 0.75092 0.7472947928498834 0.8620689655172413 0.800589233675985430
65 0.75132 0.7470714797991872 0.8629616845012081 0.800845693051862830
66 0.75112 0.7470268332038487 0.8627234453723515 0.800717442828774730
67 0.75092 0.7465806605745685 0.8630212648439658 0.800589233675985430
68 0.75064 0.7461350205933266 0.8632000552448036 0.800409809822629330
69 0.75044 0.746224106023521 0.8627829928216455 0.800281699158103730
70 0.75048 0.7463132127291181 0.8627234453723515 0.800307318010115930
71 0.75096 0.7468929254302104 0.862663906142167 0.800614872221866330
72 0.7508 0.7470268332038487 0.8622473615230737 0.800512327889849530
73 0.75124 0.7482789583956899 0.8612374259335813 0.800794388032928730
74 0.75124 0.748996344897837 0.8602890571231934 0.800794388032928830
75 0.75096 0.7477865518066523 0.8614748449345279 0.800614872221866330
76 0.75168 0.7490412272291467 0.8608815426997245 0.801076647013586230
77 0.75132 0.7484581761571163 0.8611187655001378 0.800845693051862730
78 0.75124 0.7485926458258474 0.8608222574202878 0.800794388032928630
79 0.75136 0.7484581761571163 0.861178091629349 0.80087134802665330
80 0.75164 0.7501200192030725 0.8594018563080096 0.801050978884296230
81 0.75144 0.7498950146979423 0.8594018563080096 0.800922662907669630
82 0.75128 0.7497151082588617 0.8594018563080096 0.80082003972067430
83 0.75064 0.7490412272291467 0.8593427746459508 0.800409809822629130
84 0.75156 0.7500750075007501 0.8593427746459508 0.800999647560155130
85 0.75112 0.74967014513614 0.8592246356887545 0.800717442828774730
86 0.7512 0.7497600767754319 0.8592246356887545 0.80076873798846930
87 0.75084 0.749400479616307 0.8591655783902674 0.800537961510134930
88 0.7508 0.7490861149397735 0.8595200440074262 0.800512327889849430
89 0.75092 0.7491759065028468 0.8595791500481365 0.800589233675985430
90 0.75108 0.7493106342165208 0.8596382642184169 0.800691797713224330
91 0.7508 0.7492208103572284 0.8593427746459508 0.800512327889849430
92 0.75124 0.7494454103963067 0.859697386519945 0.800794388032928630
93 0.75088 0.7493555542233679 0.8592837011067574 0.800563596772127630
94 0.7504 0.7490861149397735 0.8589294303580017 0.800256081946222830
95 0.75104 0.749400479616307 0.8594609460946094 0.800666154240327930
96 0.7514000000000001 0.74967014513614 0.8596382642184169 0.800897004645202630
97 0.7516 0.7503902029055108 0.8589884551951622 0.801025312399871830
98 0.75188 0.7510665144505198 0.8585164835164835 0.80120501233855730
99 0.75196 0.7450232447252354 0.8666712889135408 0.801256369988141430
100 0.75188 0.7450232447252354 0.8665511265164645 0.801205012338557230
