1 0.7158 0.7460014323227501 0.81438530197407 0.778694907335306140
2 0.7208399999999999 0.7388143507299486 0.8300132802124834 0.781763031989743340
3 0.71404 0.7400828892835998 0.8191886755357494 0.777629164204174440
4 0.72088 0.7496251874062968 0.8168333006600013 0.78178747889173840
5 0.726 0.7420159088210851 0.8331111703545722 0.784929356357927840
6 0.72868 0.7444464296349235 0.833778014941302 0.786584022905326740
7 0.72976 0.7447569113441372 0.8348917980229762 0.787252802619977240
8 0.732 0.7506605813115542 0.8306751727804359 0.788643533123028540
9 0.73792 0.7535567880395466 0.8353381448810479 0.792342799188640940
10 0.74068 0.7536476546484987 0.8390951198227831 0.794079344408093240
11 0.7408 0.7514728868582422 0.8419776370739593 0.794155019059720540
12 0.74256 0.7579892062337032 0.8364001338240215 0.795266573355388840
13 0.7416400000000001 0.7562008469449486 0.8372965369415232 0.794685145745255740
14 0.74228 0.7579432452097987 0.8360644772924888 0.795089527080749340
15 0.74168 0.7567502118900593 0.8366800535475234 0.79471040752749740
16 0.74196 0.7589556769884639 0.834390227621654 0.794887284982989440
17 0.7417199999999999 0.7613131128570558 0.8312275568559649 0.794735670915853440
18 0.74492 0.7609886764884939 0.8360644772924888 0.796761959397010640
19 0.7470399999999999 0.7623810685533057 0.837352625937835 0.798110075341591140
20 0.74492 0.7551957467375544 0.8431703204047217 0.796761959397010640
21 0.74544 0.7552870090634441 0.8437964088024842 0.797092207626578340
22 0.74676 0.757346258709482 0.843113449345744 0.7979317608758140
23 0.74624 0.7604794062176796 0.8385322331790434 0.797600816743236240
24 0.74484 0.7585411736149038 0.8389261744966443 0.796711176264380740
25 0.74536 0.7607108081791626 0.8370162046337217 0.797041382388573640
26 0.7449600000000001 0.7600632372613402 0.8372404554588078 0.796787353391126940
27 0.74676 0.758587207185338 0.8415808254224736 0.797931760875809940
28 0.74628 0.7636385851304295 0.8347802858287698 0.797626264237628840
29 0.74856 0.7653686015184913 0.8358967500334359 0.799079460461548340
30 0.75088 0.7657436902719922 0.8387010198604401 0.800563596772127440
31 0.74976 0.7656029889140687 0.8372965369415232 0.799846429485538740
32 0.752 0.7627532340737124 0.8439103429651634 0.801282051282051340
33 0.75264 0.7635452935068108 0.8438533720380746 0.80169317598768640
34 0.75208 0.763498656242365 0.843113449345744 0.80133341880889840
35 0.75256 0.7636385851304295 0.8436255652291287 0.801641762329250240
36 0.75176 0.7639652854174306 0.8420910805712746 0.80112798820739640
37 0.75164 0.7637785653183429 0.8421478137842754 0.801050978884296140
38 0.75208 0.76247407588142 0.8443663874628479 0.801333418808898140
39 0.75176 0.7614058597794968 0.8452228007302724 0.80112798820739640
40 0.75284 0.7616378259809895 0.8464820207218798 0.801821738990987540
41 0.7518400000000001 0.7594167679222357 0.847802495930548 0.801179335982566240
42 0.7530399999999999 0.7596475235490733 0.8492424757116652 0.801950343234746940
43 0.75324 0.7595090533479159 0.8497043029025899 0.80207898873881140
44 0.7530399999999999 0.7600170243813461 0.8487811502682149 0.80195034323474740
45 0.7541599999999999 0.7621951219512195 0.8476875084768751 0.802671290053297340
46 0.7542 0.7632189522530224 0.8464820207218798 0.802697062128752740
47 0.7530399999999999 0.7620092660326749 0.8463100880162492 0.801950343234746940
48 0.75412 0.7657906022177295 0.8432271991365353 0.802645519632709440
49 0.75392 0.7649002570064863 0.8440243079000675 0.802516692347200840
50 0.75356 0.7654154675157676 0.8428860418071477 0.802284907416321640
51 0.7536 0.7663070132417852 0.841864224137931 0.802310654685494140
52 0.75376 0.7651343575931934 0.8435117079425063 0.802413660290152740
53 0.7552 0.7670594010800197 0.8432271991365353 0.803341902313624740
54 0.7548 0.7669182158414627 0.8428292090890702 0.803083841953099840
55 0.75436 0.7675775253300583 0.8414108777598277 0.802800166982434740
56 0.75348 0.7620092660326749 0.8469408496510604 0.802233417835253440
57 0.75356 0.7613131128570558 0.8479175145841813 0.802284907416321740
58 0.75508 0.7672948253636978 0.8427723840345199 0.803264466793046940
59 0.7545999999999999 0.7669182158414627 0.8425451604205986 0.802954873936084840
60 0.7538 0.7619163720590028 0.8475150857685266 0.802439415824105240
61 0.75376 0.7661661048115231 0.8422613031466882 0.802413660290152740
62 0.75252 0.7604794062176796 0.847457627118644 0.801616057972873340
63 0.7542800000000001 0.7657906022177295 0.8434547908232118 0.802748611244902540
64 0.75376 0.7659313725490197 0.8425451604205986 0.802413660290152840
65 0.75496 0.766353994237018 0.8437394532568343 0.803187046199318940
66 0.7547200000000001 0.7649002570064863 0.8451656524678837 0.803032249775150940
67 0.75508 0.7632655553520181 0.8476875084768751 0.80326446679304740
68 0.7554 0.7651343575931934 0.845851942076059 0.803470994697091440
69 0.75524 0.7645727567435318 0.8463100880162492 0.803367717471641240
70 0.756 0.7649002570064863 0.8469982382436645 0.803858520900321640
71 0.75664 0.7673890355454601 0.8448800270361608 0.804272294428001540
72 0.75644 0.7675775253300583 0.8443663874628479 0.804142944449805340
73 0.75604 0.7675303942036105 0.8438533720380746 0.803884369272323940
74 0.7562800000000001 0.7673419275629221 0.8444234276835777 0.804039494419965940
75 0.75652 0.7672006383109311 0.8449371366770312 0.804194679448000740
76 0.7568 0.7675303942036105 0.8449371366770312 0.804375804375804440
77 0.75676 0.7673419275629221 0.8451085119329322 0.804349924391107240
78 0.75652 0.7672477289467223 0.8448800270361608 0.804194679448000840
79 0.75656 0.7670594010800197 0.8451656524678837 0.804220549443479340
80 0.75696 0.7669652718124923 0.845851942076059 0.804479340970523940
81 0.75732 0.7680491551459293 0.8450513791238508 0.804712395789744740
82 0.75668 0.7675303942036105 0.8447658309116712 0.804298169417366440
83 0.75632 0.7663070132417852 0.8457374830852503 0.804065354432008240
84 0.7574799999999999 0.7671064743786438 0.8464247020585048 0.804816019058043340
85 0.75708 0.7669652718124923 0.8460236886632826 0.804557010909792940
86 0.75796 0.7680963500061447 0.8459091831900927 0.805127049048339840
87 0.75744 0.7680491551459293 0.8452228007302724 0.804790110739119140
88 0.757 0.7676718049499478 0.8450513791238508 0.804505229283990440
89 0.75684 0.7673419275629221 0.8452228007302724 0.804401686025933940
90 0.75652 0.7623810685533057 0.8508610714042611 0.804194679448000740
91 0.75724 0.7625671059053196 0.8516726851536418 0.804660594161382740
92 0.75804 0.7633121641426478 0.8519048592653172 0.805178910753969540
93 0.75644 0.7628928898382668 0.8501088139281828 0.804142944449805440
94 0.7561599999999999 0.7619628162145687 0.8508610714042611 0.803961924363262240
95 0.75668 0.7628928898382668 0.8504558443325623 0.804298169417366540
96 0.757 0.7626136294307851 0.8512666848270226 0.804505229283990440
97 0.75744 0.7630325967525333 0.8513826454161558 0.804790110739119340
98 0.75792 0.7631257631257631 0.8519629225736096 0.8051011207007640
99 0.75808 0.7634520246747695 0.8517887563884157 0.80520484411234240
100 0.75804 0.7634520246747695 0.8517307168165713 0.805178910753969540
