1 0.70804 0.7436492355285859 0.8069722401549386 0.774017771448032440
2 0.71772 0.7352941176470589 0.8301786544464369 0.779860872820288940
3 0.7110799999999999 0.7349482596425212 0.821557673348669 0.775843341712441440
4 0.71956 0.7470714797991872 0.8181163688723084 0.780981537596451340
5 0.7237199999999999 0.7378549082108494 0.8352265134304423 0.78352712570909240
6 0.7296 0.7446238160481324 0.8348360382020971 0.78715365239294740
7 0.72508 0.7424125438023401 0.8313381218409152 0.784362940419791240
8 0.72992 0.7466698524580372 0.8327226700419692 0.787351977828168540
9 0.73492 0.7470268332038487 0.8392641332080032 0.79046384418376740
10 0.73804 0.7489514679448772 0.8412409987213136 0.79241814320580740
11 0.7388399999999999 0.7473841554559043 0.8443663874628479 0.792920803070189340
12 0.73936 0.752468095352757 0.8387010198604401 0.793247874095697440
13 0.74112 0.7555152614082804 0.837408722449253 0.794356888662938440
14 0.74092 0.7553782934493595 0.8372965369415232 0.794230708136099440
15 0.74176 0.7573921473582161 0.8360085607276618 0.794760935910478140
16 0.73992 0.7550132882338729 0.8363441723538071 0.793600406323408140
17 0.73956 0.7561093636583596 0.8345016356232058 0.793373742502618240
18 0.7437199999999999 0.7592783818259127 0.836456102783726 0.796000891520998540
19 0.74436 0.7584031064191239 0.8384197464618687 0.796406613360517440
20 0.7428 0.7540568257223864 0.8415808254224736 0.795418390073178540
21 0.74244 0.7508860455337298 0.8450513791238508 0.79519068672667740
22 0.7437199999999999 0.7541023166023166 0.8428292090890702 0.796000891520998440
23 0.7438 0.7565212128548084 0.8399408681628814 0.796051584142652540
24 0.74256 0.7601556798832401 0.833778014941302 0.795266573355388640
25 0.74284 0.761591421434229 0.8324453915823122 0.795443698495020640
26 0.74308 0.7619628162145687 0.8323345318950592 0.795595582853324140
27 0.74472 0.7600170243813461 0.8369601606963508 0.796635013702122240
28 0.74376 0.7589556769884639 0.8369041242635243 0.796026237024772340
29 0.7461599999999999 0.7606182304977486 0.8382510729613734 0.797549926625406840
30 0.7479199999999999 0.7611740348313238 0.8400537634408602 0.79867101143696940
31 0.74684 0.7608960311663014 0.8388698745050668 0.797982699735069940
32 0.74924 0.7578513398811689 0.8460236886632826 0.799513895551504640
33 0.74952 0.7586792910900704 0.8453942918977411 0.799692917919518840
34 0.749 0.7580811450057614 0.8453942918977411 0.799360511590727440
35 0.7497199999999999 0.759093945466691 0.8451656524678837 0.799820840131810440
36 0.74936 0.7596475235490733 0.8439673215853082 0.799590609607880840
37 0.74924 0.7593245049204228 0.8441953130276221 0.799513895551504640
38 0.74964 0.7578513398811689 0.8465966813410092 0.799769666336095340
39 0.74996 0.7622416000975669 0.8416374899003501 0.799974400819173740
40 0.7514000000000001 0.7628928898382668 0.8428860418071477 0.800897004645202540
41 0.75008 0.7611740348313238 0.843113449345744 0.800051203277009740
42 0.7512 0.7619628162145687 0.8437394532568343 0.800768737988468940
43 0.75096 0.7556979626382927 0.8512087163772557 0.800614872221866340
44 0.75108 0.7612203885268863 0.8444804756114038 0.800691797713224240
45 0.7521599999999999 0.7584031064191239 0.8495310588555117 0.801384792922169640
46 0.7521599999999999 0.7591400461557148 0.8486082824168364 0.801384792922169540
47 0.752 0.7638252367858234 0.8426019548365352 0.801282051282051340
48 0.75276 0.76247407588142 0.845337120443633 0.80177030884192340
49 0.75328 0.76247407588142 0.8460809530255855 0.802104722792607840
50 0.75292 0.7629860220960752 0.8449371366770312 0.801873175738525140
51 0.7527200000000001 0.7638719139574676 0.8435686327439601 0.801744596241421440
52 0.7528 0.7625205880558775 0.845337120443633 0.801796023091725540
53 0.75396 0.763498656242365 0.8457947087083023 0.802542454495842840
54 0.75364 0.763498656242365 0.845337120443633 0.802336403607304540
55 0.75284 0.7639185968343213 0.843682505399568 0.801821738990987640
56 0.75248 0.7637318995539806 0.843397881384522 0.801590355264845540
57 0.75288 0.7635919364691509 0.844138303619665 0.801847456539867840
58 0.75376 0.7640586797066015 0.8448229251148959 0.802413660290152740
59 0.75404 0.7647130796525143 0.8444234276835777 0.802593983755497740
60 0.75368 0.7652748867393168 0.8432271991365353 0.802362154181911640
61 0.75288 0.7640119797078418 0.8436255652291287 0.801847456539867840
62 0.7518 0.7632655553520181 0.8429997302400863 0.801153661272232140
63 0.75312 0.7630325967525333 0.8451656524678837 0.802001796484024140
64 0.75276 0.7633587786259542 0.8442523301364312 0.80177030884192340
65 0.75412 0.7641053854147564 0.8452799567216662 0.802645519632709440
66 0.7536 0.76247407588142 0.8465393471488555 0.802310654685494240
67 0.75392 0.7608034083992696 0.8490694199157723 0.802516692347200840
68 0.75404 0.7623345733975727 0.8473427331887202 0.802593983755497840
69 0.7532 0.7604794062176796 0.8484354849657232 0.802053256336220740
70 0.75432 0.7616842361830479 0.8485506754463377 0.802774388285916240
71 0.75448 0.7633121641426478 0.8467687305243192 0.802877513006615640
72 0.75452 0.7636852394916911 0.8463673911571535 0.802903298326749440
73 0.7538400000000001 0.7634053988029803 0.8457374830852503 0.802465173011491240
74 0.7541599999999999 0.7634053988029803 0.8461955050094774 0.802671290053297340
75 0.75448 0.7635919364691509 0.8464247020585048 0.802877513006615740
76 0.7550399999999999 0.7638719139574676 0.8468834688346883 0.803238658270145240
77 0.75468 0.7636852394916911 0.8465966813410092 0.803006456171907640
78 0.75456 0.7638252367858234 0.8462527926342157 0.802929085303186140
79 0.7554 0.7642922653622746 0.8468834688346883 0.803470994697091440
80 0.75524 0.7642922653622746 0.8466540232999187 0.80336771747164140
81 0.75572 0.7647130796525143 0.846826095792968 0.803677628829523940
82 0.75528 0.7642922653622746 0.8467113730271625 0.803393534288836140
83 0.75464 0.7630791770954154 0.8472852979055108 0.802980664225605340
84 0.75552 0.7637318995539806 0.84774499830451 0.80354847004371340
85 0.75476 0.7630791770954154 0.847457627118644 0.80305804503549540
86 0.75572 0.7641520968333537 0.8475150857685266 0.803677628829523940
87 0.75508 0.7640119797078418 0.8467687305243192 0.80326446679304740
88 0.75448 0.7634053988029803 0.8466540232999187 0.802877513006615740
89 0.7545999999999999 0.7636385851304295 0.8465393471488555 0.802954873936084840
90 0.75468 0.7640119797078418 0.8461955050094774 0.803006456171907740
91 0.7554 0.7639185968343213 0.8473427331887202 0.803470994697091440
92 0.75548 0.7590017608840852 0.8535919147773833 0.803522643268087240
93 0.7547200000000001 0.7641988139634407 0.8460236886632826 0.803032249775151140
94 0.7541599999999999 0.7632655553520181 0.8463673911571535 0.802671290053297440
95 0.75468 0.7641053854147564 0.8460809530255855 0.803006456171907640
96 0.7550399999999999 0.7646195253241986 0.8459664320519762 0.803238658270145340
97 0.75564 0.7649470656630561 0.8464247020585048 0.803625960333022540
98 0.7562800000000001 0.764525993883792 0.847860001356576 0.804039494419965940
99 0.75612 0.7602943859862539 0.8528930131004366 0.803936071003633840
100 0.75592 0.7606182304977486 0.8521952549768202 0.803806829142820440
