1 0.69032 0.6808649708589792 0.8690815546130849 0.763545293506810850
2 0.7138 0.7440476190476191 0.8140670791273201 0.777484061576737750
3 0.71088 0.7384215500945179 0.8169934640522876 0.775722973811592550
4 0.72204 0.7515632515632515 0.8160867010511197 0.782497104760712450
5 0.72984 0.7504803073967339 0.8279242283746192 0.787302387100837850
6 0.7303999999999999 0.751698839376992 0.8272119647938588 0.787649653434152550
7 0.73456 0.7586792910900704 0.8245382585751979 0.790238968264003150
8 0.73876 0.7603868848470101 0.8282533792737874 0.7928705083885750
9 0.74228 0.7604794062176796 0.8330001332800213 0.795089527080749350
10 0.74376 0.7643389996331172 0.8304544246611746 0.796026237024772450
11 0.7414000000000001 0.7630791770954154 0.8286926544683108 0.79453360877165150
12 0.7440800000000001 0.7675303942036105 0.8271572260455268 0.796229059175743650
13 0.74604 0.7656498836212177 0.8320575118152167 0.7974736036237250
14 0.7461599999999999 0.7644324853228963 0.8336668000533547 0.797549926625406850
15 0.74484 0.7653217412600257 0.8307855908547123 0.796711176264380750
16 0.74432 0.7670594010800197 0.8280339162692104 0.796381243628950150
17 0.74672 0.7683796410130317 0.8297928836962294 0.797906293884846150
18 0.749 0.7682379693933993 0.8331111703545722 0.799360511590727550
19 0.7485200000000001 0.7686631410650596 0.831946755407654 0.799053920158532350
20 0.75032 0.7720815318097591 0.8304544246611746 0.800204852442225350
21 0.7497199999999999 0.7708436112481499 0.8310617645103384 0.799820840131810550
22 0.74884 0.7636852394916911 0.8383072899201931 0.799258288308449750
23 0.75048 0.7694201649636834 0.833778014941302 0.800307318010115850
24 0.74812 0.7714620749243967 0.8281436332317477 0.798798606895229550
25 0.7508 0.7729886834456744 0.8300683976359652 0.800512327889849550
26 0.7512 0.7726064651709006 0.8310617645103384 0.80076873798846950
27 0.7517199999999999 0.7676246622451486 0.8376331836762045 0.801102316787900250
28 0.75036 0.7726064651709006 0.8299030673217368 0.800230466374315750
29 0.75 0.774041736330423 0.8277597510098669 0.799999999999999950
30 0.75064 0.7732755954222085 0.8295175525914128 0.800409809822629250
31 0.7498 0.7735627204653753 0.8280339162692104 0.799872020476723750
32 0.7496 0.7695622729791295 0.8323899580475461 0.79974408189379450
33 0.7496 0.7672948253636978 0.8350591221858508 0.79974408189379450
34 0.7478400000000001 0.7679547828223874 0.8318360284820656 0.798619984666496350
35 0.7492 0.7691361063253753 0.8323345318950592 0.799488327470418850
36 0.7484 0.7676718049499478 0.832944625841274 0.798977309044423150
37 0.75052 0.7686158765295455 0.8347802858287698 0.80033293850241750
38 0.74924 0.7687104114138121 0.8328891257995735 0.799513895551504850
39 0.7494000000000001 0.7681907571288102 0.8337224037884347 0.799616184231568850
40 0.75244 0.7731321128154379 0.8321682977165302 0.801564654205008250
41 0.75052 0.7665889856494542 0.837184381488179 0.80033293850241750
42 0.7502800000000001 0.7683796410130317 0.8347245409015025 0.800179240149793550
43 0.75168 0.7686631410650596 0.8363441723538071 0.801076647013586350
44 0.75012 0.7689941556444171 0.833778014941302 0.800076807373507750
45 0.75084 0.7702261383942326 0.8333333333333334 0.800537961510134950
46 0.7516 0.7698940625769894 0.8347802858287698 0.801025312399871850
47 0.75108 0.7697044334975369 0.834278849362611 0.800691797713224250
48 0.75164 0.7738021542651975 0.8302889405513119 0.801050978884296250
49 0.75164 0.7676246622451486 0.8375209380234506 0.801050978884296250
50 0.75108 0.7680963500061447 0.8361763328650745 0.800691797713224250
51 0.7524 0.7728930934273172 0.8323899580475461 0.80153895479320350
52 0.753 0.767860433687573 0.8391514500537057 0.801924619085805850
53 0.7542800000000001 0.7759637469737414 0.8314487162431822 0.802748611244902650
54 0.75332 0.7751457273967506 0.8310617645103384 0.802130458497770150
55 0.75276 0.7754823500217135 0.8299030673217368 0.80177030884192350
56 0.75288 0.7711289327575571 0.8351149118118654 0.80184745653986850
57 0.7538 0.7714620749243967 0.8360085607276618 0.802439415824105350
58 0.75408 0.7758674197753088 0.831282835672009 0.802619750866829250
59 0.75444 0.776445741971551 0.8311170212765957 0.802851729342624950
60 0.75456 0.7703685443115986 0.8383635144198525 0.802929085303186150
61 0.755 0.7749054615336929 0.8336668000533547 0.803212851405622550
62 0.75404 0.7693728072874992 0.8388135820695208 0.802593983755497750
63 0.75508 0.7732277619695658 0.8357290900581668 0.80326446679304750
64 0.75484 0.7727975270479135 0.8358967500334359 0.803109640528125150
65 0.75444 0.7721292235468528 0.8361204013377926 0.802851729342624950
66 0.75464 0.7724154977445468 0.8360644772924888 0.802980664225605450
67 0.7536 0.7707960781895542 0.8365120792344242 0.802310654685494150
68 0.75484 0.7725109696557692 0.8362322718758363 0.80310964052812550
69 0.75552 0.7727975270479135 0.836848095333735 0.803548470043713150
70 0.75532 0.7713192644699494 0.8383072899201931 0.803419352765369450
71 0.7558400000000001 0.7722246246988324 0.8379701012267883 0.803755144032921850
72 0.75524 0.7705585008013809 0.8390951198227831 0.803367717471641350
73 0.75608 0.7712240868706811 0.8394895903290799 0.803910219306707850
74 0.75676 0.7717478545409644 0.8398280032249396 0.804349924391107250
75 0.75544 0.7709862456053784 0.8388698745050668 0.803496818152600150
76 0.7554 0.7668711656441718 0.8437394532568343 0.803470994697091550
77 0.7550399999999999 0.766119146849718 0.844138303619665 0.803238658270145250
78 0.755 0.7661661048115231 0.8440243079000675 0.803212851405622550
79 0.75516 0.7667300496841072 0.8435686327439601 0.803316088814626850
80 0.75596 0.7721292235468528 0.8382510729613734 0.803832674190540550
81 0.75648 0.7729408854810784 0.8380262805041566 0.804168811116829750
82 0.75648 0.7683324113344397 0.8435117079425063 0.804168811116829750
83 0.75688 0.7719384919409621 0.8397715821296607 0.804427569341656450
84 0.7568 0.7725109696557692 0.8389824820457749 0.804375804375804550
85 0.75688 0.7725587144622992 0.8390387971539804 0.804427569341656550
86 0.7562 0.7680019660850331 0.8435117079425063 0.803987779385753250
87 0.75668 0.7722723341159027 0.8390951198227831 0.804298169417366450
88 0.75732 0.773323434793368 0.8387572971884856 0.804712395789744750
89 0.75652 0.7681435506667486 0.8437964088024842 0.804194679448000850
90 0.75696 0.7692781094221183 0.8430565859580496 0.804479340970523950
91 0.7561599999999999 0.7685213648939441 0.8428292090890702 0.803961924363262250
92 0.75676 0.7688522573502276 0.8432840855427376 0.804349924391107150
93 0.75636 0.7689941556444171 0.8425451604205986 0.804091216107555450
94 0.7562 0.7682379693933993 0.8432271991365353 0.803987779385753350
95 0.75688 0.7697044334975369 0.8424315945545222 0.804427569341656450
96 0.7574 0.7696096539834996 0.8432840855427376 0.80476420408820250
97 0.75912 0.7709862456053784 0.8440813019110001 0.805879698278640950
98 0.75956 0.7708911501695961 0.8448229251148959 0.806165554158201950
99 0.75956 0.7709386949549771 0.8447658309116712 0.806165554158201850
100 0.7594799999999999 0.7703210698219017 0.8453942918977411 0.806113565279076450
