1 0.69112 0.681681845449092 0.8689607229753216 0.764011979707841850
2 0.7106 0.7453342078588039 0.8083290222452147 0.775554521482860250
3 0.7108 0.7379855945211949 0.8174208736594297 0.775674837108284350
4 0.72208 0.7513373805373565 0.8164065051270328 0.782521597596093650
5 0.73024 0.750030001200048 0.8290224167661494 0.787550403225806450
6 0.72976 0.7495352881213647 0.8289674381590291 0.787252802619977250
7 0.7336 0.7566127958356031 0.8256820133430214 0.789639924194567250
8 0.7377199999999999 0.758173106083581 0.8294625082946251 0.792217257660740850
9 0.7410399999999999 0.7581271227559437 0.8341118377152008 0.794306411641354850
10 0.74336 0.7629860220960752 0.8315040244794785 0.79577285459638450
11 0.7409600000000001 0.7608960311663014 0.8306751727804359 0.79425594103443950
12 0.74284 0.7656029889140687 0.8277049397430803 0.795443698495020550
13 0.74512 0.7632655553520181 0.8336112037345782 0.796888945556547350
14 0.7450399999999999 0.7630791770954154 0.8337224037884347 0.796838146235736650
15 0.74484 0.76247407588142 0.8341675008341675 0.796711176264380650
16 0.7421599999999999 0.7651343575931934 0.8273214640280627 0.795013674235196850
17 0.7436 0.766447973511558 0.8277597510098669 0.795924864692772950
18 0.74744 0.7658844433551866 0.8337224037884347 0.798364948585297450
19 0.74736 0.7666360012266176 0.8327226700419692 0.798313960914548550
20 0.7490399999999999 0.7705585008013809 0.8304544246611746 0.799386071497090350
21 0.74868 0.7693728072874992 0.8313381218409152 0.799156091167726850
22 0.7482800000000001 0.762939453125 0.8384197464618687 0.798900712619435550
23 0.7498400000000001 0.7681435506667486 0.834390227621654 0.799897613105522450
24 0.747 0.7700363457155178 0.8282533792737874 0.798084596967278550
25 0.74952 0.7716525711463671 0.8298479718515568 0.79969291791951950
26 0.7499199999999999 0.7712240868706811 0.8308960382876894 0.799948803276590250
27 0.75104 0.7666360012266176 0.8378577652657685 0.800666154240327850
28 0.7497199999999999 0.7714144655640582 0.8303992559622666 0.799820840131810450
29 0.74976 0.7726064651709006 0.8290774026663129 0.799846429485538750
30 0.75056 0.7726542217826678 0.8301235223801302 0.800358560635164550
31 0.74944 0.7726542217826678 0.8285827919925759 0.799641760491299950
32 0.74888 0.7683324113344397 0.8328336331534413 0.799283841677856650
33 0.7494799999999999 0.7664949717929851 0.8358408559010364 0.799667338387230950
34 0.74716 0.7672948253636978 0.83166999334664 0.798186520226046450
35 0.74872 0.7675303942036105 0.8335556148306215 0.799181638002685350
36 0.7477199999999999 0.7660252481921804 0.8339448929214758 0.798543456734915650
37 0.74912 0.7668711656441718 0.8348917980229762 0.799437196213865450
38 0.7485999999999999 0.7668711656441718 0.8341675008341675 0.799105002397315150
39 0.74856 0.7667300496841072 0.834278849362611 0.799079460461548350
40 0.75148 0.7715096901617085 0.8327226700419692 0.800948322814212150
41 0.75 0.7654154675157676 0.8378577652657685 0.850
42 0.74968 0.7670123335583237 0.8355056480181806 0.799795252415381650
43 0.75044 0.7674361493123772 0.8360644772924888 0.800281699158103750
44 0.7498 0.7679076053569235 0.8346130733791814 0.799872020476723850
45 0.75056 0.7691834348655467 0.8341675008341675 0.800358560635164550
46 0.75076 0.7688049695553232 0.8348917980229762 0.80048669591111450
47 0.75096 0.7686631410650596 0.8353381448810479 0.800614872221866350
48 0.7516 0.7726542217826678 0.8315593400745077 0.801025312399871850
49 0.75144 0.7663070132417852 0.8388135820695208 0.800922662907669750
50 0.75076 0.7664009809932557 0.83774545941961 0.80048669591111450
51 0.7522 0.7714144655640582 0.8338336335134414 0.801410482449110450
52 0.7521599999999999 0.7664009809932557 0.8397151686148059 0.801384792922169650
53 0.75348 0.7743294307130025 0.8322237017310253 0.802233417835253350
54 0.75288 0.774041736330423 0.8317253310266818 0.801847456539867950
55 0.75248 0.7738500588126045 0.8313934153641503 0.801590355264845350
56 0.75248 0.7693728072874992 0.8366240546148183 0.801590355264845550
57 0.75328 0.7698940625769894 0.8371283150281275 0.802104722792607850
58 0.7542 0.7747133560582584 0.832778147901399 0.802697062128752650
59 0.75512 0.7759637469737414 0.8326117364950376 0.803290276974487650
60 0.7548 0.7694201649636834 0.8398280032249396 0.803083841953099850
61 0.7552 0.7739938080495357 0.8350033400133601 0.803341902313624850
62 0.7541599999999999 0.7683324113344397 0.8402231632721651 0.802671290053297350
63 0.75572 0.7723677706376668 0.8376331836762045 0.803677628829523950
64 0.75484 0.7718431614695894 0.8370162046337217 0.803109640528125150
65 0.75452 0.7707960781895542 0.8378016085790885 0.802903298326749650
66 0.75492 0.7715096901617085 0.8375209380234506 0.803161242651074750
67 0.75424 0.7699889121596649 0.8383635144198525 0.802722835859234450
68 0.75496 0.7716049382716049 0.8374648264772879 0.803187046199318850
69 0.75552 0.7714620749243967 0.8384197464618687 0.803548470043713150
70 0.75544 0.7704160246533128 0.8395459735375109 0.803496818152600250
71 0.7558 0.7715096901617085 0.8387572971884856 0.803729303970422750
72 0.75536 0.7706535141800247 0.8391514500537057 0.803445172901401250
73 0.75612 0.7708911501695961 0.8399408681628814 0.803936071003633850
74 0.75664 0.7707960781895542 0.8407883231317683 0.804272294428001550
75 0.75556 0.7703685443115986 0.8397715821296607 0.803574298479637450
76 0.7558400000000001 0.771033802121885 0.8393768466290625 0.803755144032921850
77 0.75544 0.7706535141800247 0.8392641332080032 0.803496818152600150
78 0.75548 0.7708436112481499 0.8390951198227831 0.803522643268087350
79 0.75552 0.7707960781895542 0.8392077878482712 0.803548470043713150
80 0.7561599999999999 0.771366862079605 0.839433214693439 0.803961924363262150
81 0.75676 0.7722246246988324 0.8392641332080032 0.80434992439110750
82 0.7572 0.7724154977445468 0.8396587626788473 0.804634695848084950
83 0.7568 0.7711765068788945 0.8405621679779437 0.804375804375804450
84 0.75652 0.7719861660079052 0.8392077878482712 0.804194679448000850
85 0.7565999999999999 0.7721769211761799 0.8390951198227831 0.804246421103426150
86 0.7564 0.7726542217826678 0.8382510729613734 0.804117079446767450
87 0.7568 0.7714620749243967 0.8402231632721651 0.804375804375804450
88 0.75736 0.7723200494284832 0.8399973120086016 0.804738299105131150
89 0.7568 0.7717955050629786 0.8398280032249396 0.804375804375804450
90 0.75608 0.7680491551459293 0.8432840855427376 0.803910219306707850
91 0.7558 0.7674361493123772 0.8436255652291287 0.803729303970422950
92 0.75668 0.7680491551459293 0.844138303619665 0.804298169417366350
93 0.75652 0.7681435506667486 0.8437964088024842 0.804194679448000850
94 0.75636 0.7675775253300583 0.8442523301364312 0.804091216107555350
95 0.75716 0.7692307692307693 0.843397881384522 0.80460879920182850
96 0.75736 0.7688995509626623 0.8440813019110001 0.804738299105131250
97 0.75856 0.7697992363591575 0.8447087444249223 0.805516174764789250
98 0.75864 0.7703685443115986 0.844138303619665 0.805568086614680650
99 0.7587200000000001 0.7702261383942326 0.8444234276835777 0.805620005155968150
100 0.75856 0.7695622729791295 0.8449942540390726 0.805516174764789350
