1 0.67952 0.676773145641581 0.8595791500481365 0.757300375620986360
2 0.70816 0.7439590524937507 0.8067639086097844 0.774089670547436260
3 0.7123999999999999 0.7412239089184061 0.8156074644395146 0.776638707673190460
4 0.72072 0.7521511522955653 0.813643168651956 0.781689700456506760
5 0.7299599999999999 0.7560636303151274 0.8213957155999474 0.787376775534628860
6 0.7317199999999999 0.7550132882338729 0.8250280509537324 0.788469423155770160
7 0.73624 0.7536022186049316 0.832944625841274 0.791289485345318760
8 0.74 0.7616842361830479 0.8284180528862085 0.793650793650793660
9 0.742 0.7613131128570558 0.8316146630297385 0.79491255961844260
10 0.74224 0.7649002570064863 0.8277049397430803 0.795064241190688260
11 0.74352 0.7674832688647387 0.8264462809917356 0.79587418820832860
12 0.7456400000000001 0.7650407001652488 0.8322237017310253 0.797219299084792460
13 0.74624 0.7622880839126723 0.8363441723538071 0.797600816743236460
14 0.74724 0.7652748867393168 0.8341675008341675 0.798237491618506360
15 0.7476400000000001 0.7668711656441718 0.8328336331534413 0.798492446261458460
16 0.74756 0.7631257631257631 0.837184381488179 0.798441442304621360
17 0.74768 0.7654623392529087 0.8345573507811457 0.798517950683531460
18 0.74944 0.7664009809932557 0.8358967500334359 0.799641760491299960
19 0.75092 0.7662130685300969 0.8381948635418762 0.800589233675985660
20 0.7497199999999999 0.7676718049499478 0.8347802858287698 0.799820840131810460
21 0.74908 0.767860433687573 0.8336668000533547 0.79941163303808460
22 0.75052 0.7662600380064979 0.8375770570892522 0.80033293850241760
23 0.75012 0.7670123335583237 0.8361204013377926 0.800076807373507860
24 0.74928 0.7657906022177295 0.8364001338240215 0.799539465268005760
25 0.7502800000000001 0.7661661048115231 0.837352625937835 0.800179240149793660
26 0.7501599999999999 0.766447973511558 0.836848095333735 0.80010241310887860
27 0.7516 0.7692781094221183 0.8355056480181806 0.80102531239987260
28 0.75188 0.7755304628365802 0.8286377195889957 0.801205012338557160
29 0.75196 0.7750496031746031 0.8292974192264314 0.801256369988141460
30 0.75176 0.7693254554406697 0.8356732183446985 0.801127988207396260
31 0.75008 0.7688522573502276 0.8338892595063375 0.800051203277009760
32 0.7505999999999999 0.7711289327575571 0.831946755407654 0.800384184408516260
33 0.75024 0.7693728072874992 0.8335000333400013 0.800153629496863460
34 0.74716 0.7693254554406697 0.8292974192264314 0.798186520226046460
35 0.74812 0.7705110028971214 0.8292424041395781 0.798798606895229560
36 0.7482 0.7697518320093601 0.8302337938363443 0.798849656494647860
37 0.75008 0.7704635108481263 0.8320021299254526 0.800051203277009760
38 0.74884 0.7705110028971214 0.8302337938363443 0.799258288308449860
39 0.74932 0.7699889121596649 0.8315040244794785 0.799565036620078660
40 0.7501599999999999 0.7689468503937008 0.8338892595063375 0.800102413108877960
41 0.7492 0.7675303942036105 0.8342231713828083 0.799488327470418960
42 0.7501599999999999 0.7703685443115986 0.8322237017310253 0.800102413108877960
43 0.75096 0.7709386949549771 0.8326671995736744 0.800614872221866360
44 0.75048 0.7714144655640582 0.8314487162431822 0.800307318010115960
45 0.75076 0.7723677706376668 0.8307303781484682 0.80048669591111460
46 0.75064 0.7724154977445468 0.830509600690984 0.800409809822629260
47 0.75196 0.7744253763707329 0.8300132802124834 0.801256369988141560
48 0.75236 0.7736105953707142 0.8315040244794785 0.801513257029271260
49 0.75248 0.7726542217826678 0.832778147901399 0.801590355264845560
50 0.7522 0.7727975270479135 0.8322237017310253 0.801410482449110660
51 0.75252 0.776445741971551 0.8284729586426299 0.801616057972873360
52 0.75312 0.7720815318097591 0.8343345347750634 0.802001796484024360
53 0.7548 0.7776533532412592 0.8302337938363443 0.803083841953099960
54 0.75388 0.7763975155279503 0.8303992559622666 0.802490931852470160
55 0.75372 0.7765422128346897 0.8300132802124834 0.802387906409474760
56 0.75328 0.7731321128154379 0.8333333333333334 0.802104722792607960
57 0.7547200000000001 0.7760600980939965 0.831946755407654 0.80303224977515160
58 0.75548 0.7809083525957393 0.8274857672448034 0.803522643268087360
59 0.75532 0.7805182641273806 0.8277049397430803 0.803419352765369560
60 0.75592 0.7743294307130025 0.83561735410121 0.803806829142820460
61 0.75648 0.7782827968370587 0.8318360284820656 0.804168811116829660
62 0.75536 0.7725587144622992 0.8369041242635243 0.803445172901401260
63 0.75648 0.776156473144986 0.834278849362611 0.804168811116829760
64 0.75612 0.7760119195430841 0.8339448929214758 0.803936071003633760
65 0.75548 0.7757711164897908 0.8333333333333334 0.803522643268087260
66 0.75552 0.7756748371082842 0.8335000333400013 0.80354847004371360
67 0.7552 0.7750015500031 0.8338336335134414 0.803341902313624760
68 0.75568 0.776445741971551 0.8328336331534413 0.803651793750803860
69 0.75604 0.7770249269596569 0.8326671995736744 0.803884369272323960
70 0.75648 0.7760119195430841 0.8344459279038718 0.804168811116829660
71 0.75632 0.7763975155279503 0.833778014941302 0.804065354432008260
72 0.75688 0.7754823500217135 0.83561735410121 0.804427569341656560
73 0.75744 0.7762528721356269 0.8355056480181806 0.804790110739119260
74 0.75656 0.7715573112770817 0.8397715821296607 0.804220549443479360
75 0.75668 0.7719384919409621 0.8394895903290799 0.804298169417366360
76 0.75688 0.7733712800841428 0.8380824673147838 0.804427569341656460
77 0.7565999999999999 0.7725587144622992 0.8386447500838645 0.804246421103426160
78 0.7562 0.7720815318097591 0.8386447500838645 0.803987779385753460
79 0.7567200000000001 0.7727497527200792 0.8385884878572387 0.804324046071681360
80 0.75792 0.773706362961129 0.8391514500537057 0.8051011207007660
81 0.75764 0.7735627204653753 0.8389261744966443 0.804919669017032260
82 0.75772 0.7734669884289338 0.8391514500537057 0.80497150400875860
83 0.75772 0.776735226495992 0.8353381448810479 0.804971504008758260
84 0.7584 0.7772665091406541 0.8356732183446985 0.805412371134020560
85 0.75796 0.7723677706376668 0.8407883231317683 0.805127049048339860
86 0.75852 0.7735627204653753 0.8401666890711117 0.805490221348712860
87 0.7578 0.7730364873222016 0.8397715821296607 0.805023345677024760
88 0.75868 0.7732277619695658 0.8407883231317683 0.80559404504881960
89 0.75848 0.7729408854810784 0.8408448809363649 0.805464269605000460
90 0.7582800000000001 0.773706362961129 0.8396587626788473 0.805334535966240560
91 0.75788 0.7731799344343415 0.8397151686148059 0.805075194023121760
92 0.75864 0.7739458857036716 0.8398844319021702 0.805568086614680760
93 0.75832 0.7743774005699418 0.8389261744966443 0.805360479350557360
94 0.75832 0.7740896705474363 0.8392641332080032 0.805360479350557360
95 0.75856 0.7756748371082842 0.83774545941961 0.805516174764789260
96 0.75956 0.7753861422988648 0.8394895903290799 0.806165554158201960
97 0.76092 0.7768800497203232 0.8396587626788473 0.807050392226490760
98 0.76144 0.7765904572564613 0.8407317729351628 0.807389226198165760
99 0.7605999999999999 0.7768800497203232 0.8392077878482712 0.806842020332418960
100 0.7604 0.7757229738115924 0.8402796450658779 0.806711842529848460
