1 0.69356 0.682985466069282 0.870534159760429 0.76543890266678960
2 0.7150000000000001 0.7560179025039313 0.8017445962414214 0.778210116731517560
3 0.69896 0.7527399735035529 0.785175879396985 0.768615876529545760
4 0.7178 0.7539658604258399 0.8077022486430602 0.779909530494462560
5 0.7256400000000001 0.7557893463933733 0.8159268929503917 0.78470761794155560
6 0.7280800000000001 0.7555152614082804 0.8195109158853996 0.786212969369142660
7 0.73516 0.7621486494725931 0.8212877792378449 0.790613832579614760
8 0.7388399999999999 0.7641053854147564 0.8239947264337508 0.792920803070189360
9 0.7408 0.7654154675157676 0.8251369727374744 0.794155019059720460
10 0.74044 0.7684741177917128 0.8211259278722985 0.793928038362602860
11 0.7385999999999999 0.7700363457155178 0.8168866814795451 0.792769938163944960
12 0.7420800000000001 0.7686631410650596 0.8231265639404715 0.794963113711523760
13 0.74368 0.766119146849718 0.8282533792737874 0.795975547631176660
14 0.74516 0.7687104114138121 0.8272667107875579 0.79691434764591560
15 0.74488 0.7710813645055826 0.8241577108195425 0.7967365670214860
16 0.7445999999999999 0.7679547828223874 0.8273762245168123 0.796558865700175260
17 0.74612 0.7686631410650596 0.8286377195889957 0.797524484001658960
18 0.7478400000000001 0.7702261383942326 0.8291873963515755 0.798619984666496360
19 0.74868 0.7696096539834996 0.8310617645103384 0.799156091167726860
20 0.7478 0.7689468503937008 0.8306199747491527 0.798594473726241860
21 0.7489600000000001 0.7709386949549771 0.8299030673217368 0.799334953318838760
22 0.74944 0.7716049382716049 0.8297928836962294 0.799641760491360
23 0.74864 0.7732277619695658 0.8268289456277286 0.79913054596598960
24 0.7474000000000001 0.7707485509927241 0.8279790686891435 0.798339453935813460
25 0.7485999999999999 0.7752418754651451 0.8244838730954422 0.799105002397315160
26 0.75112 0.7746173390345169 0.8286377195889957 0.800717442828774460
27 0.75136 0.7738021542651975 0.8299030673217368 0.800871348026652960
28 0.75164 0.7795447458684128 0.8237775141689733 0.801050978884296260
29 0.75128 0.7800798801797304 0.82269316835593 0.80082003972067460
30 0.7502800000000001 0.7791074545001246 0.8224225277978814 0.800179240149793660
31 0.7489600000000001 0.7761082826275922 0.8239947264337508 0.799334953318838760
32 0.74872 0.7760119195430841 0.8237775141689733 0.799181638002685360
33 0.7476400000000001 0.774761373496963 0.8237232289950577 0.798492446261458360
34 0.74648 0.7757711164897908 0.8210180623973727 0.797753526070585360
35 0.74812 0.7762046696472926 0.8227473178437438 0.798798606895229560
36 0.74712 0.7750015500031 0.8227473178437438 0.798161036970819260
37 0.7488 0.7752418754651451 0.8247558722618105 0.799232736572890160
38 0.74756 0.7756748371082842 0.8225848907607265 0.798441442304621360
39 0.7485999999999999 0.7746653445711452 0.8251369727374744 0.79910500239731560
40 0.75064 0.7751937984496124 0.8273214640280627 0.800409809822629260
41 0.7498 0.7752899584444582 0.8260639703938673 0.799872020476723860
42 0.74968 0.7770249269596569 0.8239404126293587 0.799795252415381760
43 0.75164 0.7768317693120378 0.8268289456277286 0.801050978884296260
44 0.7505999999999999 0.7772665091406541 0.8249191579225236 0.800384184408516160
45 0.74916 0.7778469197261979 0.822314321426222 0.799462761024591560
46 0.75044 0.777121541809139 0.8248647221855616 0.800281699158103860
47 0.7514000000000001 0.7787191627211563 0.8243751236562685 0.800897004645202660
48 0.75204 0.7823256978345224 0.8212338216937126 0.801307734222250760
49 0.7512 0.7790588968526021 0.8237232289950577 0.80076873798846960
50 0.75044 0.7791560182010846 0.8225848907607265 0.800281699158103760
51 0.751 0.7799338616085356 0.8224766416633768 0.800640512409927860
52 0.75308 0.7797878976918278 0.8254639107178234 0.801976069034160
53 0.75344 0.7810059356451109 0.8245926512302922 0.802207675523039560
54 0.75336 0.7805670038716124 0.824973600844773 0.802156195854456960
55 0.75292 0.781054736315921 0.8238318064983853 0.801873175738525160
56 0.75376 0.781983109164842 0.8239404126293587 0.802413660290152860
57 0.75436 0.7849293563579278 0.8215036803364879 0.802800166982434760
58 0.7542 0.7839448102853559 0.8223684210526315 0.802697062128752560
59 0.75496 0.7848800703252543 0.8223684210526315 0.80318704619931960
60 0.7548 0.7793017456359103 0.828363154406892 0.803083841953099960
61 0.7554 0.7831098859792006 0.8249191579225236 0.803470994697091560
62 0.75336 0.777992157839049 0.8278693953241937 0.802156195854456660
63 0.75536 0.78125 0.8269383434771104 0.803445172901401260
64 0.756 0.7826685868135996 0.8262277744728667 0.803858520900321560
65 0.7544 0.7822277847309136 0.8245382585751979 0.802825947334617960
66 0.75484 0.7825705878670256 0.8247558722618105 0.80310964052812560
67 0.75376 0.7802746566791511 0.8258456659619451 0.802413660290152760
68 0.754 0.7807620237351656 0.8256274768824307 0.802568218298555360
69 0.754 0.7807620237351656 0.8256274768824307 0.802568218298555360
70 0.7541599999999999 0.7801772562726251 0.8265009256810367 0.802671290053297360
71 0.75444 0.7813965118459711 0.8255184255712588 0.80285172934262560
72 0.75484 0.7811523559555056 0.8263370132874992 0.80310964052812560
73 0.755 0.7816897004565068 0.8259548037531387 0.803212851405622560
74 0.75412 0.7768800497203232 0.8301786544464369 0.802645519632709560
75 0.7542800000000001 0.7769283361302753 0.8303440945927992 0.802748611244902660
76 0.75408 0.7775082415873609 0.8294074713025015 0.802619750866829460
77 0.75392 0.7766869640859948 0.8301235223801302 0.802516692347200960
78 0.75356 0.7763010806111043 0.8300683976359652 0.802284907416321760
79 0.75328 0.7763492950748401 0.8296276631047985 0.802104722792607860
80 0.75436 0.7768317693120378 0.8305647840531561 0.802800166982434760
81 0.7548 0.781201174926567 0.8262277744728667 0.803083841953099960
82 0.75532 0.7779437391087877 0.8306199747491527 0.803419352765369460
83 0.75556 0.7813965118459711 0.8270477702792113 0.803574298479637660
84 0.75548 0.781201174926567 0.8271572260455268 0.803522643268087460
85 0.75556 0.7769766285430134 0.8320575118152167 0.803574298479637460
86 0.75644 0.7782827968370587 0.8317806760713335 0.804142944449805560
87 0.7558 0.7774598830700336 0.8318360284820656 0.803729303970422960
88 0.7564 0.7775566061209256 0.8325562808045824 0.804117079446767560
89 0.75604 0.7770732313813253 0.8326117364950376 0.803884369272323960
90 0.75724 0.7776049766718507 0.8336668000533547 0.804660594161382860
91 0.75544 0.7770249269596569 0.8318360284820656 0.803496818152660
92 0.757 0.7782343419250405 0.8326117364950376 0.804505229283990460
93 0.75708 0.7785251619332337 0.8323899580475461 0.80455701090979360
94 0.7578400000000001 0.7782343419250405 0.833778014941302 0.805049269015263660
95 0.7578400000000001 0.7789132602193419 0.8330001332800213 0.805049269015263760
96 0.75792 0.7787191627211563 0.8333333333333334 0.8051011207007660
97 0.75884 0.7793503335619427 0.8338892595063375 0.805697895517096860
98 0.75944 0.7794961336991768 0.8345573507811457 0.806087573353969260
99 0.75956 0.7803233660028716 0.833778014941302 0.806165554158201960
100 0.75972 0.779690618762475 0.8347245409015025 0.80626955203663760
