1 0.6782 0.6853445912604857 0.8442523301364312 0.756544106521410270
2 0.7078 0.7603406326034063 0.787897888433659 0.773874013310633170
3 0.69392 0.7560179025039313 0.7755304628365802 0.765649883621217770
4 0.7158800000000001 0.7594629078315815 0.7990283814881105 0.778743419618104270
5 0.723 0.7625671059053196 0.8047382991051311 0.783085356303837170
6 0.7190799999999999 0.7546486355952668 0.8085904651012356 0.78068887986759570
7 0.72948 0.7651343575931934 0.8103202385582783 0.787079306110883770
8 0.7299599999999999 0.7736584762022652 0.8015903552648455 0.787376775534628970
9 0.73436 0.7697992363591575 0.8115302213854444 0.790114092474953270
10 0.73108 0.7706060045619876 0.8063475680557347 0.788071746051760670
11 0.73648 0.773706362961129 0.8100051840331778 0.791439787260985270
12 0.73848 0.7717955050629786 0.8147568765480381 0.79269452723698470
13 0.7402 0.7720815318097591 0.8167265599477295 0.793776789966661570
14 0.73988 0.7717955050629786 0.8166198471287646 0.793575215058883370
15 0.74308 0.7745213458082905 0.81784873069877 0.79559558285332470
16 0.74724 0.7750496031746031 0.8228556382068329 0.798237491618506270
17 0.74768 0.778816199376947 0.8192423646611614 0.798517950683531370
18 0.7504 0.7770249269596569 0.8249191579225236 0.800256081946222970
19 0.7528 0.7790588968526021 0.8259002312520648 0.801796023091725570
20 0.75084 0.778961799713342 0.8233434330127782 0.800537961510134870
21 0.75108 0.7813965118459711 0.8209641402863523 0.800691797713224270
22 0.75072 0.7790588968526021 0.8230723645222888 0.800461065573770570
23 0.7508 0.779836546259904 0.822314321426222 0.800512327889849470
24 0.749 0.7794475275924425 0.8203176269851686 0.799360511590727470
25 0.7489600000000001 0.7815919464765835 0.8179022443237585 0.799334953318838770
26 0.74952 0.7806645016237822 0.819672131147541 0.799692917919518870
27 0.7517199999999999 0.7869554268446235 0.8157671474254389 0.801102316787900170
28 0.75256 0.786311882745172 0.8175812675779972 0.801641762329250270
29 0.75128 0.7845844840572432 0.8177417244537485 0.80082003972067470
30 0.7504 0.7850772516015576 0.8160334247290769 0.800256081946222970
31 0.7497199999999999 0.7881462799495587 0.8118464635968046 0.799820840131810570
32 0.75044 0.7882456804136714 0.8126909823808595 0.800281699158103870
33 0.74928 0.783748197379146 0.8159801553626216 0.799539465268005770
34 0.74832 0.7843383321829704 0.8140670791273201 0.798926243129234370
35 0.7489600000000001 0.7836008024072216 0.815713912816497 0.799334953318838670
36 0.74788 0.7825215975960936 0.8154478439559005 0.798645497236686770
37 0.74836 0.7831098859792006 0.8154478439559005 0.798951775270844670
38 0.7484 0.7868068231887707 0.8115302213854444 0.798977309044423170
39 0.75032 0.7867573011077543 0.814120098997004 0.800204852442225270
40 0.75032 0.7873023871008377 0.8135372600065083 0.800204852442225270
41 0.7494000000000001 0.786460299484082 0.8132196994339991 0.799616184231568870
42 0.74864 0.7879972262497636 0.8105829712729395 0.799130545965989170
43 0.74936 0.7902889296326737 0.8091138585021684 0.799590609607880870
44 0.7485999999999999 0.7896898098426938 0.8087474120082816 0.79910500239731570
45 0.75076 0.7921921541289055 0.808956769350246 0.800486695911113970
46 0.75076 0.7907388663967612 0.8104778577449264 0.800486695911114170
47 0.75232 0.7926442612555485 0.8105304111010245 0.801487560913054670
48 0.75328 0.7899393326592518 0.814650677789364 0.802104722792607870
49 0.75072 0.7883948281299274 0.8129023866814074 0.800461065573770570
50 0.75168 0.7910891715714196 0.8113195300837281 0.801076647013586370
51 0.75352 0.7917907138785076 0.8130081300813008 0.802259161799627870
52 0.75276 0.7913395796404153 0.8124796880077998 0.801770308841922970
53 0.75224 0.7925437484149125 0.8105304111010245 0.801436173623132770
54 0.75288 0.7923427991886409 0.8115829113102194 0.801847456539867870
55 0.75352 0.7927447995941147 0.8120046771469404 0.802259161799627970
56 0.754 0.7931975379148423 0.8121629523747644 0.802568218298555370
57 0.75412 0.7922925778031311 0.8132726089785296 0.802645519632709470
58 0.75388 0.7909390027841053 0.81438530197407 0.802490931852470170
59 0.7536 0.7908889591901297 0.8140670791273201 0.802310654685494270
60 0.75224 0.7904888382976032 0.8126909823808595 0.801436173623132670
61 0.7514000000000001 0.7902889296326737 0.8117937394466814 0.800897004645202670
62 0.753 0.7898395046126627 0.81438530197407 0.801924619085805970
63 0.7534 0.7897397017942887 0.8150224946208515 0.802181934862826970
64 0.7536 0.7898894154818326 0.8151287903488751 0.802310654685494170
65 0.75284 0.7888426101224284 0.8152351138068219 0.801821738990987570
66 0.75244 0.7886932929522368 0.8148631029986962 0.801564654205008270
67 0.75276 0.7880965891179623 0.8159268929503917 0.80177030884192370
68 0.7532 0.7882456804136714 0.8163531870428422 0.802053256336220870
69 0.75356 0.7892410657911353 0.8157671474254389 0.802284907416321770
70 0.75412 0.7888923950773115 0.8168866814795451 0.802645519632709570
71 0.7542 0.7887928314507477 0.8171002745456922 0.802697062128752670
72 0.75476 0.7886435331230284 0.8180092925855638 0.803058045035495270
73 0.75492 0.7877489286614571 0.8191886755357494 0.803161242651074770
74 0.75556 0.7883451059535822 0.8194034742707309 0.803574298479637570
75 0.7547200000000001 0.7891414141414141 0.8174208736594297 0.80303224977515170
76 0.75496 0.7891414141414141 0.8177417244537485 0.803187046199318870
77 0.75528 0.7886435331230284 0.8187057898873461 0.803393534288836170
78 0.75528 0.788046904551759 0.819349764027268 0.803393534288836170
79 0.7562 0.7881959770477331 0.820425308479916 0.803987779385753470
80 0.7554 0.788494291301331 0.8190276503734766 0.803470994697091470
81 0.75732 0.7896399241945673 0.8203714641989893 0.804712395789744770
82 0.75676 0.7899393326592518 0.8192960608245395 0.804349924391107270
83 0.75648 0.7892909010544926 0.8196183856796275 0.804168811116829670
84 0.75772 0.7900391859436228 0.8204791598293404 0.804971504008758270
85 0.75764 0.7894404446128584 0.8210180623973727 0.804919669017032270
86 0.75732 0.7899892561461164 0.819994752033587 0.804712395789744670
87 0.75728 0.7894903050590538 0.8204791598293404 0.804686494141882470
88 0.75668 0.7891414141414141 0.820048546873975 0.804298169417366370
89 0.7564 0.7880965891179623 0.820802416442314 0.804117079446767570
90 0.7576 0.7848307904815722 0.8260093834665961 0.804893754024468870
91 0.75664 0.7848307904815722 0.8247014580721779 0.804272294428001570
92 0.757 0.7846829880728186 0.8253549026081215 0.804505229283990470
93 0.75664 0.7843383321829704 0.825245923285139 0.804272294428001670
94 0.75772 0.7846829880728186 0.8263370132874992 0.80497150400875870
95 0.75776 0.7843383321829704 0.8267742575567167 0.804997424008243170
96 0.7578400000000001 0.7878482289171814 0.8230181722412431 0.805049269015263970
97 0.7592 0.7887928314507477 0.8238318064983853 0.805931656995486770
98 0.75836 0.7885937795722667 0.8229098090849243 0.805386424406430270
99 0.75984 0.7857681669600202 0.8280339162692104 0.806347568055734870
100 0.7596 0.785175879396985 0.828363154406892 0.806191551112544570
