1 0.6848799999999999 0.6875309388922501 0.8505137102810097 0.760386884847010170
2 0.70956 0.7585411736149038 0.7920415663414015 0.77492948141719170
3 0.69312 0.7530120481927711 0.7777501244400199 0.76518119490695470
4 0.71628 0.7578972897592918 0.8012820512820513 0.778986071729037770
5 0.72304 0.7572544980917186 0.8107932801452942 0.783109885979200670
6 0.7203200000000001 0.7532843196336025 0.8117937394466814 0.781445361340335270
7 0.72836 0.7636385851304295 0.8105304111010245 0.786386084111855570
8 0.73384 0.7669182158414627 0.8140670791273201 0.789789600050546770
9 0.7381599999999999 0.7681435506667486 0.8184377659922739 0.792493501553287270
10 0.73648 0.7689468503937008 0.8152882859379077 0.791439787260985270
11 0.7394000000000001 0.7727497527200792 0.8149162266119043 0.793273044581945370
12 0.74136 0.7700837851158207 0.8205330182486543 0.794508358227928570
13 0.74492 0.7684741177917128 0.8272119647938588 0.796761959397010670
14 0.7418 0.7707485509927241 0.8203714641989893 0.794786202511524470
15 0.74332 0.7715096901617085 0.821557673348669 0.795747525225196570
16 0.74688 0.7739938080495357 0.8235604163921465 0.798008171603677270
17 0.74752 0.7715096901617085 0.8272667107875579 0.798415942769545370
18 0.7485200000000001 0.7749535027898327 0.8247014580721779 0.799053920158532370
19 0.7521599999999999 0.7763010806111043 0.8281436332317477 0.801384792922169670
20 0.74916 0.7763975155279503 0.8239404126293587 0.799462761024591670
21 0.7498 0.7791560182010846 0.8217196949776492 0.799872020476723870
22 0.7494799999999999 0.7735627204653753 0.8275953389830508 0.79966733838723170
23 0.7498400000000001 0.7751457273967506 0.8262823902696985 0.799897613105522470
24 0.7492 0.7785251619332337 0.8216116734586565 0.79948832747041970
25 0.74908 0.7793503335619427 0.8205330182486543 0.799411633038083970
26 0.75092 0.7786706534604124 0.8237775141689733 0.800589233675985670
27 0.7512 0.7766869640859948 0.8263916435277007 0.80076873798846970
28 0.7530399999999999 0.7838956478113633 0.820856317310218 0.801950343234746970
29 0.75308 0.7829136915946386 0.8219898730847636 0.801976069034170
30 0.75048 0.7830608281651319 0.8183306055646481 0.800307318010115970
31 0.74976 0.7847322493565195 0.8155542506687545 0.799846429485538770
32 0.75024 0.7826685868135996 0.8184377659922739 0.800153629496863370
33 0.74864 0.7818852817914556 0.8171536902660652 0.799130545965988970
34 0.74732 0.7825705878670256 0.814650677789364 0.798288469521346270
35 0.74884 0.7820320320320321 0.8172605426610003 0.799258288308449870
36 0.7469600000000001 0.779690618762475 0.8173139793383026 0.798059120219625970
37 0.74788 0.7805670038716124 0.8175812675779972 0.798645497236686770
38 0.7479199999999999 0.7841415218618656 0.8137491048759846 0.798671011436968870
39 0.74976 0.7840923347133358 0.8162465717643986 0.799846429485538770
40 0.7501599999999999 0.7847815168257157 0.8160334247290769 0.80010241310887870
41 0.7492 0.7844860047696749 0.815075639019301 0.79948832747041970
42 0.74908 0.7861635220125787 0.8131139009952514 0.799411633038084270
43 0.75076 0.7894903050590538 0.8117937394466814 0.80048669591111470
44 0.74928 0.7867573011077543 0.812743823146944 0.799539465268005770
45 0.7502 0.7857681669600202 0.8150224946208515 0.800128020483277470
46 0.75004 0.7840431537351816 0.8166732000522671 0.800025600819226270
47 0.7516 0.7892410657911353 0.8131667967733541 0.801025312399871770
48 0.7517199999999999 0.7875007875007874 0.81518194861093 0.801102316787900170
49 0.7504 0.7856693903205532 0.8153946510110893 0.800256081946222870
50 0.75144 0.7878482289171814 0.8144383633046651 0.800922662907669670
51 0.75132 0.788295390048559 0.8138020833333334 0.800845693051862770
52 0.75332 0.7880965891179623 0.8166732000522671 0.802130458497770270
53 0.75296 0.7893905904641617 0.8148099863111923 0.801898896587118370
54 0.7522800000000001 0.7887430590610802 0.8145975887911372 0.801461866444394770
55 0.7522 0.7888426101224284 0.81438530197407 0.801410482449110570
56 0.75312 0.7893407426117707 0.815075639019301 0.802001796484024370
57 0.75292 0.7885440322987636 0.8156606851549756 0.801873175738525270
58 0.75332 0.7887430590610802 0.8159801553626216 0.802130458497770170
59 0.754 0.7892909010544926 0.8162998759224188 0.802568218298555370
60 0.75248 0.7880965891179623 0.8155542506687545 0.801590355264845670
61 0.75188 0.787897888433659 0.8149693571521711 0.801205012338557170
62 0.7525999999999999 0.7866582756450597 0.8172605426610003 0.80166746833413570
63 0.75288 0.7862624229462826 0.8180628272251309 0.801847456539867870
64 0.7532 0.7868068231887707 0.8179022443237585 0.802053256336220870
65 0.7528 0.786311882745172 0.8179022443237585 0.801796023091725570
66 0.7525999999999999 0.7861140808754167 0.81784873069877 0.801667468334134970
67 0.75176 0.7843383321829704 0.8186521710655577 0.80112798820739670
68 0.7525999999999999 0.7843875502008032 0.8197258836645026 0.801667468334134970
69 0.75204 0.7842891203413226 0.8190813183932901 0.801307734222250770
70 0.75268 0.7838956478113633 0.8203714641989893 0.80171888529006270
71 0.75344 0.7850772516015576 0.8201023487731269 0.802207675523039470
72 0.75344 0.7850279469949131 0.8201561577324322 0.802207675523039470
73 0.754 0.7847322493565195 0.8212338216937126 0.802568218298555370
74 0.75396 0.7847815168257157 0.8211259278722985 0.802542454495842970
75 0.75336 0.7841907151819323 0.8209641402863523 0.802156195854456770
76 0.75336 0.7843383321829704 0.820802416442314 0.802156195854456970
77 0.75376 0.7841907151819323 0.8215036803364879 0.802413660290152770
78 0.7542 0.7845352413230402 0.8217196949776492 0.802697062128752770
79 0.75452 0.7810059356451109 0.8260639703938673 0.802903298326749470
80 0.75484 0.785323867562983 0.8217196949776492 0.803109640528124870
81 0.7558400000000001 0.7862129693691428 0.8220979940808945 0.803755144032921870
82 0.75568 0.7829627309740056 0.8254639107178234 0.803651793750803570
83 0.75632 0.7858175645942038 0.8231807704972012 0.804065354432008270
84 0.75684 0.7861140808754167 0.8235604163921465 0.804401686025933970
85 0.7564 0.7852252025881022 0.8239404126293587 0.804117079446767570
86 0.75624 0.7823746635788946 0.8268836409340478 0.804013636071267670
87 0.75588 0.7818852817914556 0.8269383434771104 0.80378098575700170
88 0.7565999999999999 0.7821298961331498 0.8276501357346222 0.804246421103426170
89 0.75596 0.7809083525957393 0.8281436332317477 0.803832674190540470
90 0.75708 0.7816408204102051 0.8288575028181155 0.80455701090979370
91 0.75668 0.7815430786544955 0.8284180528862085 0.804298169417366470
92 0.75688 0.781201174926567 0.8290774026663129 0.804427569341656570
93 0.75664 0.780957141072098 0.8290224167661494 0.804272294428001570
94 0.75736 0.7804208028969221 0.8306199747491527 0.804738299105131170
95 0.7574799999999999 0.7802259534361151 0.8310065150910784 0.804816019058043370
96 0.75764 0.7809083525957393 0.8304544246611746 0.80491966901703270
97 0.75852 0.7813476684585573 0.8311722853913159 0.80549022134871370
98 0.75832 0.7815430786544955 0.8306751727804359 0.805360479350557370
99 0.7591600000000001 0.7821788373693761 0.8311170212765957 0.805905676799587470
100 0.75932 0.7822767382189123 0.8312275568559649 0.80600960763452370
