1 0.6956 0.718225695242473 0.8220439300276207 0.766636001226617780
2 0.7086399999999999 0.7641520968333537 0.7848800703252543 0.774377400569941880
3 0.69892 0.7090589369788417 0.8390387971539804 0.76859224644141880
4 0.71896 0.7706535141800247 0.7908389219283817 0.78061574970336680
5 0.72208 0.7671064743786438 0.798568964415767 0.782521597596093680
6 0.72436 0.7682851874615857 0.8002048524422252 0.783920228277570480
7 0.7303999999999999 0.7722246246988324 0.8037034655693436 0.787649653434152580
8 0.7312000000000001 0.7795933641012848 0.7968889455565472 0.788146279949558780
9 0.72804 0.7705110028971214 0.8025166923472008 0.78618824491336280
10 0.72508 0.7746173390345169 0.7943568886629385 0.78436294041979180
11 0.7308 0.7780890133831311 0.7979572294924993 0.78789788843365980
12 0.73512 0.7770249269596569 0.804634695848085 0.790588830561001880
13 0.73352 0.7763975155279503 0.8032386582701452 0.789590044848714580
14 0.7342 0.7784281977830365 0.8019503432347469 0.790014220255964680
15 0.7352799999999999 0.7791074545001246 0.8026197508668294 0.79068884812448680
16 0.73612 0.7774115305678214 0.8055161747647893 0.791214355793271580
17 0.73552 0.7783312577833126 0.8037551440329218 0.790838921928381680
18 0.74132 0.778816199376947 0.8107932801452942 0.794483109289096480
19 0.7416 0.7793503335619427 0.8105829712729395 0.794659885568976480
20 0.74212 0.7820320320320321 0.808381297290306 0.794988393169459880
21 0.7416400000000001 0.7806645016237822 0.8092186185019745 0.794685145745255780
22 0.74112 0.7797878976918278 0.8094806372231577 0.794356888662938580
23 0.7412000000000001 0.7784766768387619 0.8110036981768637 0.79440737210041380
24 0.7398 0.7794961336991768 0.8080677484000258 0.793524837327408380
25 0.74072 0.7812988311769485 0.8073370793773816 0.794104567689473480
26 0.74064 0.7823746635788946 0.8060875733539692 0.794054122729005280
27 0.7438400000000001 0.7844367743959837 0.8080677484000258 0.79607693287479380
28 0.74244 0.7861635220125787 0.8044275693416565 0.795190686726677180
29 0.74664 0.7910391089735477 0.8047901107391192 0.797855364779472880
30 0.74508 0.7877489286614571 0.8061915511125444 0.796863545086539680
31 0.74788 0.7896399241945673 0.8078588509015705 0.798645497236686580
32 0.74576 0.785175879396985 0.8097952837522674 0.797295573414976480
33 0.7448 0.7854225573358466 0.8082767539605561 0.796685787125557680
34 0.74588 0.7860646459564835 0.809009125622937 0.797371862341721680
35 0.74532 0.7865592751069721 0.8077544426494345 0.797015972200082980
36 0.7462 0.7857681669600202 0.8097428256785645 0.797575370872547480
37 0.748 0.7857681669600202 0.8121101871101871 0.798722044728434480
38 0.74804 0.7854719115244438 0.8124796880077998 0.798747563819930480
39 0.74832 0.7861140808754167 0.8121629523747644 0.798926243129234280
40 0.74756 0.7858175645942038 0.8114775383017399 0.798441442304621480
41 0.74776 0.7874511780269623 0.8100051840331778 0.798568964415766980
42 0.74688 0.7866087722610282 0.8097428256785645 0.798008171603677180
43 0.7485999999999999 0.7910391089735477 0.8073370793773816 0.799105002397315180
44 0.7469600000000001 0.7900891220529676 0.8061915511125444 0.798059120219625980
45 0.7484 0.7911893157794797 0.8069201471822348 0.798977309044423180
46 0.7482800000000001 0.7891414141414141 0.8089044198537501 0.798900712619435680
47 0.7494000000000001 0.7904388516504364 0.809009125622937 0.799616184231568980
48 0.75088 0.7900391859436228 0.8113721926522134 0.800563596772127580
49 0.74916 0.7904888382976032 0.8086427739681719 0.799462761024591580
50 0.7494000000000001 0.7898395046126627 0.8096379299177408 0.799616184231568980
51 0.75068 0.7916402786573781 0.8094282199054588 0.800435436877661480
52 0.75108 0.7914397872609852 0.8101626806662778 0.800691797713224380
53 0.75032 0.7949631137115238 0.8055161747647893 0.800204852442225480
54 0.75012 0.7907388663967612 0.8096379299177408 0.80007680737350880
55 0.74956 0.7899393326592518 0.8097428256785645 0.799718499088320980
56 0.75004 0.7902389682640031 0.8100576761065388 0.800025600819226180
57 0.7504 0.7903888713246917 0.8103727714748784 0.800256081946222880
58 0.749 0.7895401718039414 0.8094282199054588 0.799360511590727580
59 0.7499199999999999 0.7912393973920749 0.808852077132134 0.799948803276590380
60 0.74988 0.7910391089735477 0.809009125622937 0.799923207372092380
61 0.74996 0.7938524069604979 0.8061915511125444 0.799974400819173980
62 0.7492 0.7879475542107918 0.8113721926522134 0.79948832747041980
63 0.74952 0.7884445565787814 0.8112668743509865 0.799692917919518980
64 0.75212 0.7892909010544926 0.8138020833333334 0.801359105042151580
65 0.75196 0.7902889296326737 0.8125325013000521 0.801256369988141480
66 0.751 0.7885440322987636 0.8131139009952514 0.80064051240992880
67 0.75116 0.7883948281299274 0.8134843160223871 0.800743089587136880
68 0.7517199999999999 0.7895900448487145 0.812955254942768 0.801102316787900280
69 0.75224 0.7934492827218484 0.8095854922279793 0.801436173623132680
70 0.75128 0.7881959770477331 0.8138550686893677 0.80082003972067480
71 0.75252 0.7892909010544926 0.8143322475570033 0.801616057972873480
72 0.7521599999999999 0.7918408716584315 0.8111615833874107 0.801384792922169580
73 0.75308 0.7888923950773115 0.8155010438413361 0.801976069034100180
74 0.75296 0.7887928314507477 0.8154478439559005 0.801898896587118280
75 0.75356 0.7901890132119603 0.8147568765480381 0.802284907416321680
76 0.75396 0.7895900448487145 0.8159268929503917 0.802542454495842880
77 0.75388 0.7899393326592518 0.8154478439559005 0.802490931852470180
78 0.75476 0.7900391859436228 0.8165131621921745 0.80305804503549580
79 0.75532 0.7896399241945673 0.8176882318309675 0.803419352765369580
80 0.75316 0.7883948281299274 0.8161399843301123 0.80202752558467880
81 0.75488 0.7889421863165867 0.81784873069877 0.8031354407607380
82 0.75532 0.7897397017942887 0.8175812675779972 0.803419352765369480
83 0.75496 0.7899892561461164 0.8168333006600013 0.803187046199318980
84 0.75692 0.7902389682640031 0.8191886755357494 0.80445345432313380
85 0.7565999999999999 0.7903888713246917 0.8185985592665357 0.80424642110342680
86 0.75588 0.7916402786573781 0.8162998759224188 0.803780985757000980
87 0.75592 0.7911392405063291 0.8168866814795451 0.803806829142820380
88 0.75508 0.7910391089735477 0.8158736374910254 0.803264466793046980
89 0.75448 0.7908389219283817 0.8152882859379077 0.802877513006615780
90 0.757 0.7907888909976593 0.8187057898873461 0.804505229283990380
91 0.7558 0.7904388516504364 0.817474331305997 0.803729303970422780
92 0.75528 0.7899892561461164 0.8172605426610003 0.80339353428883680
93 0.75528 0.7896399241945673 0.8176347462061748 0.80339353428883680
94 0.75644 0.790688848124486 0.8180628272251309 0.804142944449805480
95 0.75764 0.7912393973920749 0.8190813183932901 0.804919669017032280
96 0.75728 0.7904388516504364 0.8194571915563131 0.804686494141882380
97 0.7574799999999999 0.7904388516504364 0.8197258836645026 0.804816019058043380
98 0.75744 0.7906388361796332 0.8194571915563131 0.804790110739119180
99 0.75656 0.7910391089735477 0.81784873069877 0.804220549443479380
100 0.75744 0.7911392405063291 0.8189203354297694 0.804790110739119280
