1 0.6883600000000001 0.7510665144505198 0.7740896705474363 0.762404318258058780
2 0.70792 0.7618235007313505 0.786460299484082 0.773945885703671580
3 0.70136 0.7490861149397735 0.7921921541289055 0.770036345715517880
4 0.7103200000000001 0.7678132678132679 0.7831098859792006 0.775386142298864880
5 0.71756 0.7636852394916911 0.7965334862677627 0.779763575683852680
6 0.72252 0.7649002570064863 0.8015389547932029 0.782791120017534580
7 0.72976 0.774857426233573 0.8000512032770097 0.787252802619977380
8 0.7303200000000001 0.7732755954222085 0.8024651730114913 0.787600025203200780
9 0.72932 0.7707960781895542 0.8038585209003215 0.786980199578178680
10 0.7243999999999999 0.7709862456053784 0.7973464310773745 0.78394481028535680
11 0.7292000000000001 0.775819265143992 0.7983139609145484 0.786905886056027580
12 0.7320800000000001 0.7735148514851485 0.8044793409705239 0.788693292952236780
13 0.73236 0.7688049695553232 0.8100051840331778 0.788867501814395280
14 0.7306 0.7714620749243967 0.8047901107391192 0.787773751378604180
15 0.73472 0.7735627204653753 0.8078588509015705 0.790338897319170480
16 0.73648 0.7750496031746031 0.8085381630012937 0.791439787260985280
17 0.7341599999999999 0.7736584762022652 0.80702433985409 0.789989256146116480
18 0.7328399999999999 0.7707485509927241 0.8084858676670332 0.789166324694592680
19 0.73836 0.773706362961129 0.8124796880077998 0.792619130655337680
20 0.7370399999999999 0.7765904572564613 0.8075978808631606 0.791790713878507780
21 0.73352 0.774857426233573 0.8048937540244687 0.789590044848714580
22 0.73524 0.7780890133831311 0.8036517937508036 0.790663841361206980
23 0.73512 0.7775082415873609 0.8041170794467675 0.790588830561001980
24 0.73448 0.7781858930461308 0.8025682182985554 0.790189013211960380
25 0.7349600000000001 0.7772181806876827 0.8042205494434794 0.790488838297603380
26 0.73588 0.7766869640859948 0.8059836224127925 0.791064139480429180
27 0.73932 0.7769283361302753 0.810215193155302 0.793222705206713880
28 0.7398 0.7821298961331498 0.8052567158410101 0.793524837327408480
29 0.7400800000000001 0.7827175954915466 0.8049974240082431 0.793701187376976480
30 0.7408399999999999 0.781934192418366 0.8068159814109598 0.79418024714889380
31 0.7422 0.7822767382189123 0.8082244924350187 0.795038956908888580
32 0.7422 0.7805182641273806 0.8101101749837978 0.795038956908888580
33 0.73992 0.7795933641012848 0.8081199896560641 0.79360040632340880
34 0.73844 0.7810059356451109 0.8046864941418823 0.792669393449380180
35 0.7397199999999999 0.7823746635788946 0.8048937540244687 0.793474465991684480
36 0.7421599999999999 0.7838956478113633 0.8064516129032258 0.795013674235196980
37 0.74264 0.7830117764971185 0.8080155138978669 0.795317172488388480
38 0.74184 0.7818852817914556 0.8081722376672916 0.794811470719145480
39 0.74184 0.781201174926567 0.8089044198537501 0.794811470719145480
40 0.7421599999999999 0.7786221502429301 0.8121101871101871 0.795013674235196980
41 0.74276 0.780615749703366 0.8107406926968478 0.795393083261747880
42 0.74228 0.7801772562726251 0.8105829712729395 0.795089527080749480
43 0.74412 0.784633732973448 0.8082244924350187 0.796254419212026780
44 0.7424 0.7820320320320321 0.8087474120082816 0.795165394402035680
45 0.74468 0.7861635220125787 0.8073370793773816 0.796609629417200580
46 0.74332 0.7838956478113633 0.8079632861482774 0.795747525225196580
47 0.74308 0.7836008024072216 0.8079632861482774 0.79559558285332480
48 0.74312 0.7816408204102051 0.8101101749837978 0.795620902552351880
49 0.7430399999999999 0.7824726134585289 0.8091138585021684 0.795570264765784280
50 0.74248 0.781445361340335 0.8094806372231577 0.795215980660347480
51 0.746 0.7887928314507477 0.806295555698897 0.797448165869218580
52 0.74552 0.785274531976379 0.8093758093758093 0.797143039346980380
53 0.7440800000000001 0.7845844840572432 0.8082244924350187 0.796229059175743680
54 0.7438400000000001 0.7844860047696749 0.8080155138978669 0.796076932874793180
55 0.74512 0.7844860047696749 0.8096903744008291 0.796888945556547280
56 0.74444 0.7847322493565195 0.8085381630012937 0.796457357673070280
57 0.7442 0.7833552672808172 0.8096903744008291 0.796305144131231180
58 0.7438400000000001 0.7850772516015576 0.8073892261981657 0.796076932874793180
59 0.74484 0.7883948281299274 0.8052048441123422 0.796711176264380780
60 0.74492 0.788046904551759 0.8056719303899452 0.796761959397010680
61 0.7452799999999999 0.7876496534341525 0.8065556846044651 0.796990563631726680
62 0.74484 0.785570638511815 0.8081722376672916 0.796711176264380680
63 0.74588 0.786460299484082 0.8085904651012356 0.797371862341721780
64 0.74716 0.7852252025881022 0.8115829113102194 0.798186520226046480
65 0.7476400000000001 0.7873519778281683 0.8099526987623923 0.798492446261458380
66 0.7461599999999999 0.7861635220125787 0.8092710086753853 0.797549926625406980
67 0.7469600000000001 0.7864108210128972 0.8100576761065388 0.798059120219625880
68 0.74768 0.787203224384407 0.8101626806662778 0.798517950683531480
69 0.74692 0.7862129693691428 0.810215193155302 0.798033645098477380
70 0.7458400000000001 0.7845844840572432 0.8105304111010245 0.797346431077374680
71 0.74724 0.7856200113129281 0.8112668743509865 0.798237491618506380
72 0.74636 0.7846829880728186 0.811108948153916 0.797677164098146280
73 0.7478400000000001 0.784633732973448 0.8131139009952514 0.798619984666496380
74 0.7481599999999999 0.784633732973448 0.8135372600065083 0.798824130879345680
75 0.74908 0.7857187755358602 0.8135902108825827 0.79941163303808480
76 0.7489600000000001 0.7852252025881022 0.8139610601028847 0.799334953318838680
77 0.75012 0.7862624229462826 0.81438530197407 0.80007680737350880
78 0.75004 0.786460299484082 0.8140670791273201 0.800025600819226180
79 0.7496 0.7860646459564835 0.8139080609454356 0.799744081893794180
80 0.74968 0.7854719115244438 0.814650677789364 0.799795252415381680
81 0.74888 0.7857681669600202 0.8132726089785296 0.799283841677856680
82 0.75088 0.7882456804136714 0.8132726089785296 0.800563596772127780
83 0.7505999999999999 0.7876000252032008 0.8135902108825827 0.800384184408516180
84 0.75208 0.7877489286614571 0.8153946510110893 0.80133341880889880
85 0.75208 0.788295390048559 0.8148099863111923 0.80133341880889880
86 0.7516 0.7885440322987636 0.8139080609454356 0.801025312399871880
87 0.75176 0.7881462799495587 0.8145445067118467 0.801127988207396280
88 0.75224 0.788046904551759 0.8152882859379077 0.801436173623132780
89 0.75176 0.7866582756450597 0.8161399843301123 0.801127988207396180
90 0.75264 0.7873519778281683 0.8165665011758557 0.801693175987685980
91 0.7525999999999999 0.7867573011077543 0.8171536902660652 0.801667468334135280
92 0.75252 0.786311882745172 0.8175277959450621 0.801616057972873380
93 0.752 0.7864108210128972 0.8167265599477295 0.801282051282051280
94 0.7528 0.7865592751069721 0.8176347462061748 0.801796023091725580
95 0.75252 0.7864108210128972 0.8174208736594297 0.801616057972873480
96 0.753 0.7865592751069721 0.8179022443237585 0.801924619085805980
97 0.75256 0.7864108210128972 0.817474331305997 0.801641762329250380
98 0.75352 0.7877985756601752 0.8172605426610003 0.802259161799627880
99 0.75376 0.788046904551759 0.8173139793383026 0.802413660290152880
100 0.75528 0.7881462799495587 0.8192423646611614 0.80339353428883680
