1 0.70428 0.7253525213253641 0.8245382585751979 0.77177167906646590
2 0.71092 0.7668241212195571 0.7848800703252543 0.775747044403760990
3 0.71164 0.7648534540781986 0.7878482289171814 0.776180570647955590
4 0.71652 0.7757229738115924 0.7825705878670256 0.779131735593854290
5 0.7194400000000001 0.7689468503937008 0.7932478740956974 0.780908352595739490
6 0.7246 0.774761373496963 0.793600406323408 0.784067743453034390
7 0.7283200000000001 0.7830117764971185 0.7897397017942887 0.786361348766985490
8 0.73096 0.7874015748031497 0.7885937795722667 0.787997226249763690
9 0.72784 0.7776533532412592 0.7946598855689765 0.786064645956483590
10 0.72768 0.7820809610210849 0.7898894154818326 0.785965794768611690
11 0.7323999999999999 0.7842399146746973 0.793600406323408 0.788892395077311590
12 0.73148 0.781934192418366 0.7948114707191454 0.788320247217229490
13 0.73352 0.7769283361302753 0.8026712900532974 0.789590044848714590
14 0.72904 0.7800312012480499 0.7937011873769764 0.786806823188770890
15 0.736 0.7889421863165867 0.7933485656257934 0.791139240506329290
16 0.73796 0.7873519778281683 0.7974481658692185 0.792367912269024890
17 0.73592 0.7895900448487145 0.7925940016485955 0.791089171571419490
18 0.73524 0.7857681669600202 0.7956209025523518 0.790663841361206990
19 0.7404 0.7905888305610018 0.7972447222399388 0.793902826294061790
20 0.74144 0.7907388663967612 0.7984159427695452 0.79455886092041790
21 0.73844 0.7898894154818326 0.7954690085274277 0.7926693934493890
22 0.7374 0.7905388312673919 0.7934996508601536 0.792016473942658190
23 0.73856 0.7899892561461164 0.7955196334245529 0.792744799594114690
24 0.7376400000000001 0.7900391859436228 0.7943064116413547 0.792167052187965590
25 0.74132 0.7910891715714196 0.7979062938848461 0.794483109289096690
26 0.7385200000000001 0.7888923950773115 0.7965842467499362 0.792719662618511690
27 0.7421599999999999 0.7916402786573781 0.7984159427695452 0.795013674235196990
28 0.73996 0.7890915977526671 0.7982120051085568 0.793625599187327390
29 0.74244 0.7921921541289055 0.7982120051085568 0.795190686726677190
30 0.7418 0.7923930269413629 0.7971938775510204 0.794786202511524490
31 0.7430399999999999 0.7934996508601536 0.7976517133558803 0.795570264765784190
32 0.7434799999999999 0.7950642411906882 0.7966350137021222 0.795848852385954990
33 0.74 0.7919913831337515 0.7953171724883884 0.793650793650793690
34 0.73892 0.7907388663967612 0.7952159806603474 0.792971104132965590
35 0.74168 0.7945083582279285 0.794912559618442 0.79471040752749790
36 0.7437199999999999 0.7972955734149764 0.794710407527497 0.796000891520998590
37 0.7454799999999999 0.7970922076265783 0.7971430393469804 0.797117622676402190
38 0.7445999999999999 0.7969905636317266 0.7961276351824724 0.796558865700175390
39 0.74492 0.7971938775510204 0.7963305090144613 0.796761959397010690
40 0.74332 0.7937011873769764 0.797804442175134 0.795747525225196790
41 0.74312 0.7945083582279285 0.79673656702148 0.795620902552351890
42 0.74264 0.79638124362895 0.794255941034439 0.795317172488388390
43 0.74512 0.7992838416778566 0.7945083582279285 0.796888945556547290
44 0.74448 0.7996417604912999 0.7933485656257934 0.796482732254364790
45 0.74552 0.7991816380026853 0.7951148145792253 0.797143039346980590
46 0.74524 0.7989773090444231 0.7949631137115238 0.796965156683349890
47 0.7452 0.799488327470419 0.7944073721004131 0.796939751354797690
48 0.7454799999999999 0.7974990430011484 0.79673656702148 0.797117622676402290
49 0.74308 0.7960262370247724 0.7951653944020356 0.795595582853324190
50 0.74484 0.7968889455565472 0.7965334862677627 0.796711176264380590
51 0.7462 0.7987220447284346 0.7964319847085058 0.797575370872547490
52 0.7472 0.7987730845421432 0.7976517133558803 0.798212005108556890
53 0.745 0.7993349533188387 0.7943064116413547 0.796812749003984190
54 0.74592 0.7992327365728901 0.7955702647657841 0.797397295228374590
55 0.7461599999999999 0.8007174428287746 0.7944073721004131 0.797549926625406790
56 0.74872 0.8026197508668294 0.795772854596384 0.799181638002685390
57 0.74688 0.8003585606351645 0.7956715467854869 0.798008171603677290
58 0.74592 0.7987730845421432 0.7960262370247724 0.797397295228374790
59 0.74684 0.8003073180101159 0.7956715467854869 0.797982699735069790
60 0.7472 0.8026197508668294 0.7938524069604979 0.798212005108556890
61 0.74788 0.8019503432347469 0.7953677780605752 0.798645497236686490
62 0.74756 0.7976517133558803 0.7992327365728901 0.798441442304621390
63 0.748 0.7996417604912999 0.797804442175134 0.798722044728434490
64 0.7498 0.7995394652680057 0.8002048524422252 0.799872020476723890
65 0.74912 0.7984669434685404 0.8004098098226292 0.799437196213865490
66 0.7478400000000001 0.7971938775510204 0.8000512032770097 0.798619984666496490
67 0.74812 0.7993860714970903 0.7982120051085568 0.798798606895229590
68 0.7484 0.7999488032765903 0.7980081716036772 0.798977309044423290
69 0.74824 0.7991816380026853 0.798568964415767 0.798875183741292390
70 0.7482 0.7961783439490446 0.8015389547932029 0.798849656494647790
71 0.74968 0.7965842467499362 0.803032249775151 0.799795252415381690
72 0.74928 0.7989773090444231 0.800102413108878 0.799539465268005690
73 0.74968 0.7949631137115238 0.8046864941418823 0.799795252415381790
74 0.752 0.7950136742351969 0.8076500613814047 0.801282051282051390
75 0.7518 0.7966350137021222 0.8057238623179064 0.80115366127223290
76 0.751 0.7963305090144613 0.8049974240082431 0.80064051240992890
77 0.75232 0.7962290591757437 0.8068159814109598 0.801487560913054590
78 0.75232 0.7953171724883884 0.8077544426494345 0.801487560913054690
79 0.75148 0.7960262370247724 0.8059316569954867 0.80094832281421290
80 0.7517199999999999 0.7952159806603474 0.8070764462809917 0.801102316787900290
81 0.7514000000000001 0.7954690085274277 0.8063995871234114 0.800897004645202690
82 0.7532 0.7983649485852973 0.8057758009411461 0.802053256336220790
83 0.75196 0.7965334862677627 0.8060355945318545 0.801256369988141490
84 0.75344 0.79638124362895 0.8081199896560641 0.802207675523039490
85 0.75352 0.7980081716036772 0.8065556846044651 0.802259161799627990
86 0.75412 0.7987730845421432 0.8065556846044651 0.802645519632709590
87 0.75252 0.7975499266254068 0.8057238623179064 0.801616057972873390
88 0.7541599999999999 0.7982120051085568 0.8071806793232598 0.802671290053297490
89 0.753 0.7960262370247724 0.8079110651499483 0.80192461908580690
90 0.75448 0.7968381462357366 0.809009125622937 0.802877513006615790
91 0.75488 0.7978553647794728 0.8084858676670332 0.8031354407607390
92 0.75468 0.7974481658692185 0.8086427739681719 0.803006456171907790
93 0.75448 0.7970922076265783 0.8087474120082816 0.802877513006615890
94 0.75524 0.7970413823885736 0.8097952837522674 0.80336771747164190
95 0.75568 0.79673656702148 0.8106881120695246 0.803651793750803590
96 0.75576 0.7966857871255577 0.8108458744161909 0.803703465569343590
97 0.75516 0.7967873533911269 0.8099526987623923 0.803316088814626990
98 0.75596 0.7971938775510204 0.8105829712729395 0.803832674190540690
99 0.7567200000000001 0.7983139609145484 0.8104253112033195 0.804324046071681490
100 0.75636 0.7984669434685404 0.8097952837522674 0.804091216107555390
