1 0.71888 0.7536022186049316 0.8095330613302247 0.780567003871612490
2 0.7090799999999999 0.7674832688647387 0.781934192418366 0.774641341059089790
3 0.71164 0.7542388221806553 0.7994371962138654 0.776180570647955590
4 0.71776 0.7711289327575571 0.7888426101224284 0.779885200898427890
5 0.7130799999999999 0.7602481449945262 0.7946093700336915 0.77704907841979390
6 0.71748 0.7690414667158854 0.790688848124486 0.779714936219318390
7 0.72404 0.7782827968370587 0.7892410657911353 0.783723627699927990
8 0.72708 0.7815919464765835 0.7896399241945673 0.785595324136630890
9 0.7174400000000001 0.7763010806111043 0.7831098859792006 0.77969061876247590
10 0.724 0.7708911501695961 0.7969397513547976 0.783699059561128690
11 0.72724 0.7773148436042535 0.794255941034439 0.785694082152173290
12 0.73068 0.7757229738115924 0.8003073180101159 0.787823401506318490
13 0.73068 0.7742814667988107 0.8018474565398679 0.787823401506318590
14 0.7278800000000001 0.7770732313813253 0.7953171724883884 0.786089362638744790
15 0.7314 0.7859163784973279 0.7906388361796332 0.788270534447422390
16 0.73272 0.785570638511815 0.7926442612555485 0.789091597752667190
17 0.7348 0.787897888433659 0.792895654931811 0.790388871324691790
18 0.7356 0.7849293563579278 0.7969397513547976 0.790888959190129790
19 0.7360800000000001 0.787203224384407 0.7952159806603474 0.791189315779479890
20 0.73812 0.7864108210128972 0.7986199846664963 0.792468380511617690
21 0.73544 0.792443261062508 0.7891414141414141 0.790788890997659490
22 0.73344 0.7922925778031311 0.7868068231887707 0.789540171803941490
23 0.73596 0.7932478740956974 0.7889919838414442 0.791114205246669390
24 0.73984 0.7952665733553888 0.7918408716584315 0.793550025393600990
25 0.7385200000000001 0.7969397513547976 0.7885440322987636 0.792719662618511690
26 0.7368 0.7950136742351969 0.788295390048559 0.79164027865737890
27 0.73988 0.7976008167432364 0.7895900448487145 0.793575215058883490
28 0.73992 0.7955196334245529 0.791690417379188 0.793600406323407990
29 0.73804 0.7962797808638044 0.7885937795722667 0.792418143205806890
30 0.73968 0.7980081716036772 0.7889421863165867 0.793449282721848490
31 0.73976 0.79673656702148 0.7902889296326737 0.793499650860153690
32 0.73944 0.7968889455565472 0.7897397017942887 0.793298216665609190
33 0.7377199999999999 0.7911392405063291 0.793298216665609 0.79221725766074190
34 0.73568 0.7928453634403146 0.7890417876530741 0.790939002784105390
35 0.7402 0.7969397513547976 0.7906388361796332 0.793776789966661390
36 0.73916 0.7945588609204169 0.791690417379188 0.7931220456203890
37 0.73988 0.7923930269413629 0.7947609359104781 0.793575215058883390
38 0.73948 0.7913395796404153 0.7953171724883884 0.793323390346841190
39 0.74268 0.7945083582279285 0.7961783439490446 0.795342474469506690
40 0.74196 0.7963305090144613 0.7934492827218484 0.794887284982989390
41 0.7409600000000001 0.7953171724883884 0.7931975379148423 0.79425594103443990
42 0.73976 0.796076932874793 0.7909390027841053 0.793499650860153690
43 0.74092 0.7963305090144613 0.7921419518377694 0.794230708136099490
44 0.73944 0.7955702647657841 0.7910391089735477 0.79329821666560990
45 0.73968 0.7930968847154368 0.793801994030609 0.793449282721848490
46 0.74188 0.793600406323408 0.796076932874793 0.794836740533494490
47 0.74188 0.7964827322543647 0.7931975379148423 0.794836740533494490
48 0.7438400000000001 0.7962797808638044 0.795874188208328 0.79607693287479390
49 0.7422 0.7965842467499362 0.7934996508601536 0.795038956908888690
50 0.74388 0.7970413823885736 0.7951653944020356 0.796102283221348290
51 0.74432 0.7977535260705853 0.7950136742351969 0.7963812436289590
52 0.74568 0.7984669434685404 0.7960262370247724 0.797244722239938890
53 0.745 0.7992327365728901 0.7944073721004131 0.796812749003984190
54 0.74708 0.8005123278898495 0.795772854596384 0.798135555342719390
55 0.74656 0.7997952524153816 0.7958235181766091 0.79780444217513490
56 0.7474000000000001 0.7996929179195189 0.7969905636317266 0.798339453935813490
57 0.7478 0.7981610369708192 0.7990283814881105 0.798594473726241890
58 0.7477199999999999 0.7969905636317266 0.800102413108878 0.798543456734915490
59 0.747 0.7964319847085058 0.799744081893794 0.798084596967278590
60 0.7476400000000001 0.7972447222399388 0.799744081893794 0.798492446261458490
61 0.749 0.7976008167432364 0.8011279882073961 0.799360511590727590
62 0.7482800000000001 0.7965334862677627 0.8012820512820513 0.798900712619435790
63 0.74732 0.7961276351824724 0.8004610655737705 0.798288469521346290
64 0.7478400000000001 0.797702616464582 0.7995394652680057 0.798619984666496390
65 0.74612 0.794912559618442 0.8001536294968634 0.797524484001658990
66 0.7469600000000001 0.7952665733553888 0.800871348026653 0.798059120219625890
67 0.7476400000000001 0.7959755476311767 0.8010253123998718 0.798492446261458390
68 0.74664 0.7954690085274277 0.8002560819462228 0.797855364779472790
69 0.74672 0.7948620119547246 0.8009739843649878 0.797906293884846190
70 0.7460800000000001 0.7938524069604979 0.8011793359825663 0.797499043001148490
71 0.7462 0.7940541227290052 0.8011279882073961 0.797575370872547690
72 0.74592 0.7929962570576667 0.8018474565398679 0.797397295228374790
73 0.746 0.7940036841770945 0.8009226629076697 0.797448165869218590
74 0.746 0.7940541227290052 0.800871348026653 0.797448165869218490
75 0.7478 0.7945588609204169 0.8026712900532974 0.798594473726241890
76 0.74864 0.7950642411906882 0.8032386582701452 0.79913054596598990
77 0.74908 0.7941550190597204 0.8047382991051311 0.799411633038083990
78 0.74856 0.7939028262940616 0.8043240460716814 0.799079460461548290
79 0.74888 0.7950642411906882 0.803548470043713 0.799283841677856690
80 0.74888 0.7962797808638044 0.8023106546854942 0.799283841677856790
81 0.7498400000000001 0.795874188208328 0.8039619243632622 0.799897613105522590
82 0.74928 0.7962797808638044 0.8028259473346179 0.799539465268005790
83 0.7480800000000001 0.7954690085274277 0.8021047227926078 0.798773084542143290
84 0.7482800000000001 0.794912559618442 0.8029290853031861 0.798900712619435790
85 0.7485999999999999 0.795874188208328 0.8023621541819116 0.79910500239731590
86 0.74892 0.7965334862677627 0.8021047227926078 0.799309396681267290
87 0.7505999999999999 0.7964827322543647 0.8043240460716814 0.80038418440851690
88 0.7505999999999999 0.7959755476311767 0.8048419290451355 0.80038418440851690
89 0.7496 0.7961783439490446 0.8033419023136247 0.79974408189379490
90 0.7498400000000001 0.7955196334245529 0.8043240460716814 0.799897613105522590
91 0.7497199999999999 0.796076932874793 0.8036001285760206 0.799820840131810590
92 0.7489600000000001 0.7954690085274277 0.8032386582701452 0.799334953318838690
93 0.74944 0.795772854596384 0.803548470043713 0.799641760491299990
94 0.75008 0.7953677780605752 0.8047901107391192 0.800051203277009690
95 0.7498400000000001 0.7961783439490446 0.8036517937508036 0.799897613105522490
96 0.7492 0.7954690085274277 0.803548470043713 0.799488327470418990
97 0.7501599999999999 0.7961783439490446 0.8040653544320082 0.80010241310887890
98 0.75048 0.7961783439490446 0.8044793409705239 0.800307318010115990
99 0.75144 0.79673656702148 0.8051529790660226 0.800922662907669790
100 0.75156 0.7968889455565472 0.8051529790660226 0.800999647560155190
