1.0 0.69528 0.6601880215485371 0.9134755919321835 10
2.0 0.68492 0.6497556918598607 0.9164894787007846 10
3.0 0.68944 0.6581025587027483 0.9077705156136529 10
4.0 0.6928799999999999 0.6718624025799517 0.8882256803808711 10
5.0 0.6936 0.6704569834799399 0.891837899543379 10
6.0 0.69248 0.655686109945447 0.9174985320023488 10
7.000000000000001 0.69652 0.6712130161628095 0.8951589802348897 10
8.0 0.69216 0.6574103292310929 0.9136091214734688 10
9.0 0.6946399999999999 0.6567195544814542 0.9191176470588235 10
10.0 0.69292 0.6664178706616196 0.8979885057471264 10
11.0 0.69448 0.6693440428380187 0.8952230895939268 10
12.0 0.6954400000000001 0.6702053509195217 0.8952230895939268 10
13.0 0.6954400000000001 0.6581372084452166 0.9177006093532046 10
14.000000000000002 0.6956800000000001 0.6707088050651929 0.8947104716913606 10
15.0 0.69528 0.6565470875571195 0.9205390676780323 10
16.0 0.69592 0.6711409395973155 0.8943263933605209 10
17.0 0.6964 0.6587615283267457 0.9181050312155711 10
18.0 0.69608 0.6706008583690987 0.8955437741796819 10
19.0 0.69616 0.659108884787767 0.9170273640965446 10
20.0 0.6956 0.6581372084452166 0.917970184328413 10
21.0 0.69624 0.658518596565167 0.9183073758448428 10
22.0 0.69616 0.6583105119022541 0.9185773074661964 10
