1.0 0.68268 0.7074937740547883 0.8188666885031117 20
2.0 0.71828 0.7201705363830155 0.8511507558218712 20
3.0 0.71524 0.7188865884518059 0.8485506754463377 20
4.0 0.73064 0.7303108202851133 0.8551101381857983 20
5.0 0.72208 0.7143673562692879 0.8650519031141869 20
6.0 0.7274 0.7167842192786283 0.8695047301057318 20
7.000000000000001 0.732 0.7256472773714153 0.8636175210722675 20
8.0 0.73116 0.7158811064658381 0.876577840112202 20
9.0 0.7254 0.7217506784456378 0.8593427746459508 20
10.0 0.7308 0.7265752150662637 0.8605259534627564 20
11.0 0.73176 0.7236727841139351 0.8660708099494214 20
12.0 0.7298 0.7211677147637454 0.8667313826099016 20
13.0 0.73192 0.714775846294602 0.8794146616012383 20
14.000000000000002 0.7300800000000001 0.7242598064777797 0.8627234453723515 20
15.0 0.7301599999999999 0.72577367473727 0.8607037113544034 20
16.0 0.7328 0.7215840212434336 0.8706554294072578 20
17.0 0.72916 0.7202120304217562 0.8671522719389525 20
18.0 0.73308 0.7271669575334497 0.8630808534143478 20
19.0 0.7314 0.723882325689136 0.8652315359590226 20
20.0 0.7370399999999999 0.7274631903625677 0.8685984295740393 20
21.0 0.7336 0.720544154945815 0.873392956959195 20
22.0 0.73464 0.7258158169782836 0.8673327782403553 20
