1.0 0.72908 0.7457788914742557 0.8326671995736744 30
2.0 0.7155199999999999 0.7251000638088057 0.8404491360182882 30
3.0 0.7214 0.7394262052647146 0.8300132802124834 30
4.0 0.719 0.7232122193936589 0.8479750356149515 30
5.0 0.7101999999999999 0.7200046080294914 0.8398280032249396 30
6.0 0.7281599999999999 0.7280139778683751 0.854642417612471 30
7.000000000000001 0.7236 0.7374196212612825 0.83561735410121 30
8.0 0.7252799999999999 0.7344732357952877 0.8418075291265406 30
9.0 0.72944 0.7323217528853477 0.8506294658046955 30
10.0 0.73628 0.7366808109382367 0.8547008547008547 30
11.0 0.7349600000000001 0.7348618459729571 0.8552271483305967 30
12.0 0.73144 0.7305242241832739 0.8559884955146203 30
13.0 0.73304 0.7372456502506636 0.8492424757116652 30
14.000000000000002 0.72936 0.7280563806861203 0.8563403439062821 30
15.0 0.73644 0.7307377528352624 0.8630808534143478 30
16.0 0.73044 0.7270823638901814 0.8592837011067574 30
17.0 0.7325200000000001 0.732793996951577 0.8544671542825893 30
18.0 0.7376 0.7310369027428505 0.864393887006431 30
19.0 0.73548 0.7317644303945674 0.860229853416833 30
20.0 0.73748 0.733309867417576 0.8610594475442584 30
21.0 0.7397199999999999 0.7386833707599575 0.8570449091532396 30
22.0 0.73692 0.7309086656531399 0.8635578583765112 30
23.0 0.73732 0.7365939893930465 0.8563403439062821 30
24.0 0.73748 0.7294158837602848 0.8664910578122834 30
25.0 0.73836 0.7353373727866345 0.8595791500481365 30
26.0 0.7400800000000001 0.7401705352913311 0.8555783709787816 30
27.0 0.73828 0.7423243660549914 0.8501088139281828 30
30.0 0.7374 0.7400390740631105 0.8518468038707919 30
31.0 0.74176 0.739120151371807 0.8594609460946094 30
32.0 0.74212 0.7354671687455872 0.8649920420732129 30
33.0 0.74116 0.7279291870486839 0.8741870060843415 30
34.0 0.73952 0.7365939893930465 0.8595791500481365 30
35.0 0.74024 0.7343437903889085 0.8637368711995578 30
36.0 0.73992 0.7357268981753973 0.8613561190738699 30
37.0 0.7408 0.7342575187969925 0.8646928610957388 30
38.0 0.7412799999999999 0.7238404076669176 0.8803436861750827 30
39.0 0.7436400000000001 0.7345163944059231 0.8685984295740393 30
40.0 0.7414799999999999 0.7308231992516371 0.870534159760429 30
41.0 0.74012 0.7359868111163448 0.861296768414525 30
42.0 0.73988 0.7333959164515372 0.8645134518293105 30
43.0 0.7436 0.734300652058979 0.8688399249322305 30
44.0 0.7430399999999999 0.7366808109382367 0.8646928610957388 30
45.0 0.74308 0.7362902750780468 0.8652914301536757 30
46.0 0.7457199999999999 0.7425448497089224 0.8607037113544034 30
47.0 0.74 0.7347754526216788 0.8627829928216455 30
48.0 0.7429600000000001 0.7382471060713443 0.8624258313785015 30
49.0 0.73992 0.7413557914714429 0.8537668192063383 30
50.0 0.74196 0.7336541847634699 0.8672726011239853 30
51.0 0.7416400000000001 0.7283957811316357 0.8742481465939292 30
52.0 0.743 0.7376372005192966 0.8633192900062159 30
53.0 0.74336 0.7394262052647146 0.8614154779133072 30
