1.0 0.66932 0.8398844319021702 0.6799390774586597 50
2.0 0.70756 0.7332668504722238 0.8189203354297694 50
3.0 0.6932400000000001 0.7293733224413583 0.8048419290451355 50
4.0 0.7240800000000001 0.7548765022042394 0.8149162266119043 50
5.0 0.714 0.7494903465643362 0.8079110651499483 50
6.0 0.71824 0.7519249278152069 0.8106355382619974 50
7.000000000000001 0.73204 0.7580811450057614 0.821827744904668 50
8.0 0.7306 0.752468095352757 0.8265555775970376 50
9.0 0.7086399999999999 0.8522533578782301 0.7095419197366181 50
10.0 0.72812 0.7489065963693008 0.8274857672448034 50
11.0 0.7288399999999999 0.7492657195947972 0.8280339162692104 50
12.0 0.7214400000000001 0.7407846390897238 0.828363154406892 50
13.0 0.73908 0.7608034083992696 0.8281985026171073 50
14.000000000000002 0.73264 0.7574839413404436 0.8233434330127782 50
15.0 0.7347600000000001 0.7570251937984496 0.8267742575567167 50
16.0 0.733 0.753465943339361 0.8286377195889957 50
17.0 0.7322 0.7536022186049316 0.8273762245168123 50
18.0 0.73236 0.7490861149397735 0.8331111703545722 50
19.0 0.74044 0.7593706336188567 0.8317806760713335 50
20.0 0.738 0.7560636303151274 0.8323899580475461 50
21.0 0.7357199999999999 0.7572544980917186 0.8278145695364238 50
22.0 0.7398 0.757346258709482 0.8333333333333334 50
23.0 0.7412799999999999 0.7563838799467506 0.8365680631776201 50
24.0 0.74392 0.756246596890314 0.8404491360182882 50
25.0 0.734 0.7567502118900593 0.8260639703938673 50
26.0 0.7408399999999999 0.7601556798832401 0.8313934153641503 50
27.0 0.74204 0.7628928898382668 0.8297928836962294 50
30.0 0.73932 0.7613594834937264 0.8278693953241937 50
31.0 0.74048 0.7556066009792661 0.8364001338240215 50
32.0 0.7414799999999999 0.7596475235490733 0.8328891257995735 50
33.0 0.74284 0.7548309178743962 0.8406752303450131 50
34.0 0.74272 0.7530120481927711 0.8427723840345199 50
35.0 0.7428 0.7543298533582765 0.8412409987213136 50
36.0 0.74424 0.7642922653622746 0.8311722853913159 50
37.0 0.74508 0.7590017608840852 0.8387010198604401 50
38.0 0.74552 0.7521058965102286 0.8479175145841813 50
39.0 0.7425999999999999 0.7542388221806553 0.8410711882653747 50
40.0 0.7420800000000001 0.757621674040851 0.8361763328650745 50
41.0 0.74264 0.7583110895413735 0.8361204013377926 50
42.0 0.7444 0.7558807522525246 0.8415808254224736 50
43.0 0.74188 0.7552870090634441 0.8387572971884856 50
44.0 0.74376 0.7574380415681997 0.8387572971884856 50
45.0 0.74692 0.7567044009927961 0.844138303619665 50
46.0 0.74512 0.7635452935068108 0.8332777814812345 50
47.0 0.7436400000000001 0.7583110895413735 0.8375209380234506 50
