1.0 0.6532800000000001 0.8299581701082266 0.6717901864889557 60
2.0 0.66368 0.7360301477948537 0.76103500761035 60
3.0 0.71924 0.7655092167309694 0.7966857871255577 60
4.0 0.71968 0.7533751205400193 0.8108458744161909 60
5.0 0.73472 0.7548309178743962 0.8293524416135881 60
6.0 0.72184 0.7584491232328135 0.8078588509015705 60
7.000000000000001 0.732 0.7554695999032999 0.8248647221855616 60
8.0 0.73028 0.7594167679222357 0.8179022443237585 60
9.0 0.73072 0.7632189522530224 0.814120098997004 60
10.0 0.7322 0.7569335109603973 0.8233976681378038 60
11.0 0.73336 0.7585411736149038 0.8230723645222888 60
12.0 0.7328399999999999 0.7626136294307851 0.8176347462061748 60
13.0 0.73532 0.7535567880395466 0.8317253310266818 60
14.000000000000002 0.73708 0.7633587786259542 0.8224766416633768 60
15.0 0.7360800000000001 0.7569793496033428 0.8286377195889957 60
16.0 0.73888 0.7625671059053196 0.8258456659619451 60
17.0 0.73792 0.7638719139574676 0.8230181722412431 60
18.0 0.74144 0.7603868848470101 0.831946755407654 60
19.0 0.7414000000000001 0.7617306520414382 0.8302889405513119 60
20.0 0.74264 0.7633587786259542 0.8300683976359652 60
21.0 0.74176 0.7643857396196416 0.8276501357346222 60
22.0 0.73804 0.7544664413326895 0.834390227621654 60
23.0 0.73548 0.7553782934493595 0.829737802854298 60
24.0 0.73644 0.7674361493123772 0.8169400692765179 60
25.0 0.7450399999999999 0.7637785653183429 0.8328891257995735 60
26.0 0.73956 0.7582650894752806 0.8318913882603487 60
27.0 0.74428 0.76247407588142 0.8333888925928395 60
30.0 0.7450399999999999 0.76247407588142 0.8344459279038718 60
31.0 0.74248 0.7666360012266176 0.8260093834665961 60
32.0 0.74188 0.7621951219512195 0.8303992559622666 60
33.0 0.74488 0.7681435506667486 0.8275405494869249 60
34.0 0.74636 0.7619163720590028 0.8369601606963508 60
35.0 0.7474000000000001 0.7647598654022637 0.8350033400133601 60
36.0 0.74624 0.7600632372613402 0.8390387971539804 60
37.0 0.7496 0.7722723341159027 0.8292424041395781 60
38.0 0.74732 0.7700837851158207 0.8286377195889957 60
39.0 0.7501599999999999 0.7632655553520181 0.8406752303450131 60
40.0 0.74532 0.7584031064191239 0.8397715821296607 60
41.0 0.7536 0.7633587786259542 0.8454514710855597 60
42.0 0.75204 0.7655560999510044 0.8405621679779437 60
43.0 0.74752 0.7623810685533057 0.8380262805041566 60
44.0 0.7479199999999999 0.7616378259809895 0.8394895903290799 60
45.0 0.7472 0.76103500761035 0.8392077878482712 60
46.0 0.7485200000000001 0.7677189534455227 0.8330556481172943 60
47.0 0.7458 0.7664009809932557 0.8308408109006314 60
