1.0 0.6930799999999999 0.7160451394855931 0.8215036803364879 80
2.0 0.7059599999999999 0.7674361493123772 0.7781858930461308 80
3.0 0.71984 0.7674361493123772 0.7953677780605752 80
4.0 0.69548 0.7626136294307851 0.7705585008013809 80
5.0 0.7016 0.7652280379553107 0.7751937984496124 80
6.0 0.71392 0.7739458857036716 0.781201174926567 80
7.000000000000001 0.71624 0.7820320320320321 0.7759155803848541 80
8.0 0.72324 0.7735627204653753 0.7931472081218274 80
9.0 0.72828 0.7758674197753088 0.7970922076265783 80
10.0 0.72644 0.7680019660850331 0.8031870461993189 80
11.0 0.72696 0.7752899584444582 0.7960262370247724 80
12.0 0.7235199999999999 0.7709862456053784 0.7962290591757437 80
13.0 0.72636 0.7767834949043003 0.7937011873769764 80
14.000000000000002 0.7288399999999999 0.7723677706376668 0.8015389547932029 80
15.0 0.72908 0.7756748371082842 0.7983139609145484 80
16.0 0.73272 0.779690618762475 0.7987220447284346 80
17.0 0.72868 0.7632655553520181 0.8113721926522134 80
18.0 0.74064 0.7837973413594181 0.804582904222451 80
19.0 0.7320800000000001 0.7730364873222016 0.8049974240082431 80
20.0 0.7216400000000001 0.7718431614695894 0.7929459528038569 80
21.0 0.73776 0.773754255648406 0.8116356080773975 80
22.0 0.7306 0.7754823500217135 0.8004610655737705 80
23.0 0.73244 0.7681907571288102 0.8107932801452942 80
24.0 0.7356400000000001 0.7790588968526021 0.8031354407607298 80
25.0 0.7316 0.7728453072832941 0.804582904222451 80
26.0 0.73628 0.7793017456359103 0.8037034655693436 80
27.0 0.7378 0.779010345257385 0.8059836224127925 80
30.0 0.73732 0.7818852817914556 0.8023106546854942 80
31.0 0.7417199999999999 0.78125 0.808695089603416 80
32.0 0.74152 0.7811523559555056 0.8085381630012937 80
33.0 0.7382 0.7762528721356269 0.8094806372231577 80
34.0 0.74056 0.7779437391087877 0.8107406926968478 80
