5 80.52884615384616 0.7979539641943734 0.8801128349788434 100
10 80.66453162530024 0.79757343550447 0.8826855123674912 100
15 80.04268943436499 0.7947413061916879 0.8765201122544434 100
20 81.2124849939976 0.8058690744920993 0.8811706629055007 100
25 80.84186939820744 0.8022598870056498 0.8797521824838074 100
30 81.16831154974659 0.8078000430941608 0.878191613961115 100
35 81.02423411065386 0.7990500548045305 0.8865018240778273 100
40 81.14622924584917 0.8053810214274206 0.8807258632840028 100
45 80.63655761024182 0.8049234292257049 0.8734275508619351 100
50 80.41286605856936 0.7992070597263077 0.8768065104532061 100
55 80.92363636363636 0.805978898007034 0.876577840112202 100
60 80.6974263235098 0.8059108006448146 0.8731951560316721 100
65 80.85918266863614 0.8038788838313873 0.8780804150453956 100
70 80.38632986627043 0.8004574565416286 0.8749 100
75 80.98997226370813 0.8058803301237965 0.8777153558052434 100
