29 0.7392799999999999 0.781983109164842 0.8047382991051311 80
57 0.7442 0.7881959770477331 0.804582904222451 80
58 0.7465999999999999 0.786707785260243 0.8092710086753853 80
1.0 0.6686799999999999 0.7220842239038762 0.7826195842724768 80
2.0 0.7123200000000001 0.7798852008984277 0.773323434793368 80
3.0 0.72244 0.7847322493565195 0.7807620237351656 80
4.0 0.68964 0.8057758009411461 0.7248057520584483 80
5.0 0.7087600000000001 0.776445741971551 0.7724632307502163 80
6.0 0.71424 0.779836546259904 0.7756748371082842 80
7.000000000000001 0.72688 0.7836990595611285 0.7872528026199773 80
8.0 0.72688 0.7836990595611285 0.7872528026199773 80
9.0 0.73112 0.7864108210128972 0.7897896000505465 80
10.0 0.72828 0.7776049766718507 0.7952665733553888 80
11.0 0.7268399999999999 0.7844367743959837 0.786460299484082 80
12.0 0.74248 0.7850279469949131 0.8056719303899452 80
13.0 0.72948 0.7738021542651975 0.800820039720674 80
14.000000000000002 0.73 0.7716525711463671 0.8038068291428204 80
15.0 0.73 0.7716525711463671 0.8038068291428204 80
16.0 0.7329600000000001 0.7830608281651319 0.7955196334245529 80
17.0 0.73796 0.7811523559555056 0.8039102193067078 80
18.0 0.73024 0.766541975838597 0.8097428256785645 80
19.0 0.73428 0.7752418754651451 0.8054642696050003 80
20.0 0.73268 0.7718908237618871 0.80702433985409 80
21.0 0.7390399999999999 0.7717002099024571 0.8156074644395146 80
22.0 0.74088 0.7772665091406541 0.8118991945959989 80
23.0 0.74048 0.7705585008013809 0.8188130486047426 80
24.0 0.73412 0.7765904572564613 0.8038068291428204 80
25.0 0.73744 0.7811035430856714 0.8032902769744875 80
26.0 0.73924 0.7757229738115924 0.8114248620577734 80
27.0 0.7416 0.7801285651875429 0.8097428256785645 80
28.000000000000004 0.7392799999999999 0.781983109164842 0.8047382991051311 80
30.0 0.74048 0.7767834949043003 0.8118991945959989 80
31.0 0.74508 0.7824236354531797 0.8118464635968046 80
32.0 0.74376 0.7883948281299274 0.8038068291428204 80
33.0 0.7445200000000001 0.783748197379146 0.8096903744008291 80
34.0 0.7405999999999999 0.7850279469949131 0.8032386582701452 80
35.0 0.74612 0.7909890527115104 0.8041688111168297 80
36.0 0.7404 0.7797878976918278 0.8085381630012937 80
37.0 0.74456 0.7852252025881022 0.8081722376672916 80
38.0 0.74612 0.7842399146746973 0.8112668743509865 80
39.0 0.73872 0.7800312012480499 0.8060875733539692 80
40.0 0.7457199999999999 0.7844860047696749 0.8104778577449264 80
41.0 0.7396400000000001 0.7824236354531797 0.8047382991051311 80
42.0 0.74032 0.788046904551759 0.799744081893794 80
43.0 0.74228 0.7836008024072216 0.8069201471822348 80
44.0 0.74676 0.788046904551759 0.8080677484000258 80
45.0 0.74756 0.7842399146746973 0.8131667967733541 80
46.0 0.74556 0.7825215975960936 0.8123740820172873 80
47.0 0.7434799999999999 0.7827666103074707 0.8093758093758093 80
48.0 0.74908 0.7866087722610282 0.8126381484852425 80
49.0 0.74588 0.78315894994048 0.8121101871101871 80
50.0 0.74256 0.7802746566791511 0.8108458744161909 80
51.0 0.7454000000000001 0.788295390048559 0.8060355945318545 80
52.0 0.7470399999999999 0.7868068231887707 0.8097428256785645 80
53.0 0.74576 0.7848800703252543 0.8101101749837978 80
54.0 0.7430399999999999 0.78125 0.8104253112033195 80
56.00000000000001 0.7442 0.7881959770477331 0.804582904222451 80
59.0 0.7522 0.7831098859792006 0.8205868837392503 80
60.0 0.75076 0.7877489286614571 0.813643168651956 80
61.0 0.7516 0.7910391089735477 0.8112668743509865 80
62.0 0.74888 0.787203224384407 0.8117410221442951 80
63.0 0.75168 0.7905888305610018 0.8118464635968046 80
64.0 0.7536 0.7872528026199773 0.8179557649522314 80
65.0 0.7504 0.7857681669600202 0.8152882859379077 80
66.0 0.74916 0.7848800703252543 0.8145975887911372 80
67.0 0.7499199999999999 0.7876496534341525 0.8126381484852425 80
68.0 0.75368 0.7871536523929471 0.8181699175284723 80
69.0 0.74968 0.7856200113129281 0.8144914315501401 80
70.0 0.75116 0.7895401718039414 0.8122685034765091 80
71.0 0.75112 0.7890915977526671 0.8126909823808595 80
72.0 0.75108 0.7861140808754167 0.8158203889831614 80
73.0 0.75448 0.7857187755358602 0.820802416442314 80
74.0 0.75196 0.7846829880728186 0.8185449544889005 80
75.0 0.75108 0.7883451059535822 0.8134313789288735 80
76.0 0.74944 0.7861140808754167 0.813643168651956 80
77.0 0.75212 0.787203224384407 0.8160334247290769 80
78.0 0.75244 0.7883451059535822 0.8152351138068219 80
79.0 0.75136 0.7859163784973279 0.8164065051270328 80
80.0 0.74908 0.7859657947686117 0.8133255254082894 80
81.0 0.75348 0.7864108210128972 0.8187057898873461 80
82.0 0.75068 0.7849293563579278 0.8165665011758557 80
83.0 0.75316 0.7867573011077543 0.8179022443237585 80
84.0 0.75156 0.7840923347133358 0.8186521710655577 80
85.0 0.75436 0.788494291301331 0.8176347462061748 80
86.0 0.7538 0.7890417876530741 0.8162998759224188 80
87.0 0.7502 0.7876000252032008 0.8130610120983479 80
88.0 0.7536 0.7868563515044693 0.8183841822705251 80
89.0 0.7528 0.7881462799495587 0.8159268929503917 80
90.0 0.75456 0.7879475542107918 0.8184913567312729 80
91.0 0.7536 0.7873023871008377 0.8179022443237585 80
92.0 0.75364 0.7870049738714349 0.8182770358732653 80
93.0 0.7527200000000001 0.7860646459564835 0.8180628272251309 80
94.0 0.7530399999999999 0.7868563515044693 0.8176347462061748 80
95.0 0.75276 0.7859657947686117 0.818223473194999 80
96.0 0.75324 0.7858175645942038 0.8190276503734766 80
97.0 0.7530399999999999 0.7877489286614571 0.8166732000522671 80
98.0 0.75512 0.7862129693691428 0.8211259278722985 80
99.0 0.75448 0.786460299484082 0.819994752033587 80
100.0 0.75528 0.7881462799495587 0.8192423646611614 80
