29 0.7332799999999999 0.7877985756601752 0.7910891715714196 90
57 0.74612 0.7971938775510204 0.7978553647794728 90
58 0.7456400000000001 0.7938524069604979 0.8006148722218664 90
1.0 0.6941999999999999 0.7743294307130025 0.7574839413404436 90
2.0 0.7090000000000001 0.781445361340335 0.767860433687573 90
3.0 0.69912 0.7900391859436228 0.7485029940119761 90
4.0 0.7066399999999999 0.7836990595611285 0.762939453125 90
5.0 0.71404 0.7763010806111043 0.778961799713342 90
6.0 0.7192000000000001 0.7810059356451109 0.7805182641273806 90
7.000000000000001 0.7196 0.7789132602193419 0.7831098859792006 90
8.0 0.7196 0.7789132602193419 0.7831098859792006 90
9.0 0.7237199999999999 0.7786706534604124 0.7884445565787814 90
10.0 0.7223999999999999 0.7849786485807586 0.7804695304695305 90
11.0 0.71852 0.7721292235468528 0.7887430590610802 90
12.0 0.71724 0.7833552672808172 0.775819265143992 90
13.0 0.71872 0.774041736330423 0.7870049738714349 90
14.000000000000002 0.71688 0.7778469197261979 0.7808595702148926 90
15.0 0.71688 0.7778469197261979 0.7808595702148926 90
16.0 0.73204 0.7933989209774674 0.7839939789262419 90
17.0 0.7297199999999999 0.7874511780269623 0.7870049738714349 90
18.0 0.72752 0.7911893157794797 0.780615749703366 90
19.0 0.7325999999999999 0.7957221974664205 0.7824236354531797 90
20.0 0.73244 0.7951148145792253 0.7828156312625251 90
21.0 0.73312 0.7851265624018592 0.793600406323408 90
22.0 0.73376 0.7929459528038569 0.7865592751069721 90
23.0 0.7352000000000001 0.794255941034439 0.7870545271376401 90
24.0 0.73604 0.7894903050590538 0.7928453634403146 90
25.0 0.7332799999999999 0.79638124362895 0.7826195842724768 90
26.0 0.73332 0.7858175645942038 0.7931472081218274 90
27.0 0.73932 0.7958235181766091 0.7906388361796332 90
28.000000000000004 0.7332799999999999 0.7877985756601752 0.7910891715714196 90
30.0 0.73368 0.7847322493565195 0.794710407527497 90
31.0 0.73752 0.7898395046126627 0.7943568886629385 90
32.0 0.74368 0.788494291301331 0.8036001285760206 90
33.0 0.7405999999999999 0.7875007875007874 0.8006661542403279 90
34.0 0.7367600000000001 0.791590146285859 0.7916402786573781 90
35.0 0.741 0.7918910357934749 0.7966857871255577 90
36.0 0.74428 0.8003073180101159 0.792443261062508 90
37.0 0.7416 0.786707785260243 0.8027743882859161 90
38.0 0.74156 0.795874188208328 0.7933989209774674 90
39.0 0.7440800000000001 0.8019503432347469 0.7905888305610018 90
40.0 0.7388399999999999 0.7887430590610802 0.7971430393469804 90
41.0 0.7438400000000001 0.792443261062508 0.799744081893794 90
42.0 0.73748 0.7900891220529676 0.7940541227290052 90
43.0 0.75012 0.7957221974664205 0.8044793409705239 90
44.0 0.74036 0.7964319847085058 0.7913395796404153 90
45.0 0.7430399999999999 0.7917907138785076 0.7993860714970903 90
46.0 0.7428 0.7968889455565472 0.7939532520325203 90
47.0 0.7465200000000001 0.7966857871255577 0.7988751837412923 90
48.0 0.7434799999999999 0.7921921541289055 0.7995394652680057 90
49.0 0.7382 0.7888426101224284 0.7962290591757437 90
50.0 0.74396 0.8007174428287746 0.7916402786573781 90
51.0 0.739 0.7908889591901297 0.7951653944020356 90
52.0 0.74156 0.7998464294855387 0.7894903050590538 90
53.0 0.7396400000000001 0.7940541227290052 0.7927950783281538 90
54.0 0.7478 0.7974481658692185 0.799744081893794 90
56.00000000000001 0.74612 0.7971938775510204 0.7978553647794728 90
59.0 0.74688 0.793298216665609 0.8027743882859161 90
60.0 0.75156 0.7969397513547976 0.80510112070076 90
61.0 0.74848 0.7948620119547246 0.8032386582701452 90
62.0 0.75176 0.8009226629076697 0.801333418808898 90
63.0 0.7502800000000001 0.7992838416778566 0.8010766470135863 90
64.0 0.74512 0.7951148145792253 0.7986710114369688 90
65.0 0.74824 0.792694527236984 0.8051529790660226 90
66.0 0.74892 0.7936507936507936 0.8050492690152637 90
67.0 0.74888 0.79638124362895 0.8022076755230394 90
68.0 0.7458400000000001 0.7952665733553888 0.7994371962138654 90
69.0 0.7502 0.799130545965989 0.8011279882073961 90
70.0 0.748 0.7997952524153816 0.7976517133558803 90
71.0 0.7490399999999999 0.7982629797560509 0.8005123278898495 90
72.0 0.74776 0.793298216665609 0.8039102193067078 90
73.0 0.74888 0.7951653944020356 0.8034451729014012 90
74.0 0.7490399999999999 0.7972447222399388 0.8015389547932029 90
75.0 0.74668 0.792895654931811 0.8029290853031861 90
76.0 0.7514000000000001 0.8002560819462228 0.8015389547932029 90
77.0 0.75188 0.7984669434685404 0.8039619243632622 90
78.0 0.75192 0.7972447222399388 0.8052567158410101 90
79.0 0.75096 0.8028775130066157 0.7983649485852973 90
80.0 0.7522800000000001 0.8007687379884689 0.8021561958544567 90
81.0 0.75132 0.7979572294924993 0.8037551440329218 90
82.0 0.7469600000000001 0.7969397513547976 0.7991816380026853 90
83.0 0.7497199999999999 0.7970413823885736 0.8026197508668294 90
84.0 0.75352 0.800820039720674 0.8037034655693436 90
85.0 0.7497199999999999 0.797804442175134 0.8018474565398679 90
86.0 0.74956 0.7993860714970903 0.8000512032770097 90
87.0 0.7522800000000001 0.8023106546854942 0.8006148722218664 90
88.0 0.7517199999999999 0.7992838416778566 0.8029290853031861 90
89.0 0.75084 0.7979062938848461 0.8031870461993189 90
90.0 0.75388 0.795772854596384 0.809323405632891 90
91.0 0.7524 0.7995394652680057 0.803548470043713 90
92.0 0.75108 0.7998464294855387 0.8015389547932029 90
93.0 0.75104 0.7983139609145484 0.803032249775151 90
94.0 0.75288 0.7986710114369688 0.8050492690152637 90
95.0 0.7522800000000001 0.7994371962138654 0.8034968181526001 90
96.0 0.7516 0.7973464310773745 0.8047382991051311 90
97.0 0.75292 0.7996417604912999 0.8041170794467675 90
98.0 0.75316 0.7983649485852973 0.8057238623179064 90
99.0 0.75308 0.799744081893794 0.8042205494434794 90
100.0 0.75156 0.7968889455565472 0.8051529790660226 90
