1 0.68032 0.8110563197508435 0.7110352673492605 0.7577594568380213100
2 0.71156 0.7906388361796332 0.7621486494725931 0.7761323771382446100
3 0.70916 0.7792045879566138 0.7702261383942326 0.7746893495708221100
4 0.6984 0.7806645016237822 0.7562923523717329 0.7682851874615857100
5 0.7127600000000001 0.7762046696472926 0.7775082415873609 0.7768559087660422100
6 0.7108 0.7914397872609852 0.7605256753467997 0.7756748371082842100
8 0.70124 0.7799825283913641 0.760201909627197 0.7699651975730698100
10 0.6954 0.7903888713246917 0.7440476190476191 0.7665184730952017100
15 0.7212799999999999 0.7919913831337515 0.7723200494284832 0.782032032032032100
16 0.72 0.7820320320320321 0.7804695304695305 0.78125100
18 0.7162 0.7942054768409683 0.7642455368060651 0.7789375292101574100
19 0.7283200000000001 0.7946598855689765 0.7782343419250405 0.7863613487669854100
20 0.7208399999999999 0.7988751837412923 0.7653686015184913 0.7817630319897433100
21 0.73012 0.7836990595611285 0.7912894853453187 0.7874759819825494100
22 0.7218 0.792443261062508 0.7725109696557692 0.7823501799405415100
23 0.73 0.7897397017942887 0.7850772516015576 0.7874015748031495100
24 0.72472 0.7856200113129281 0.7826685868135996 0.7841415218618656100
25 0.7303200000000001 0.7889421863165867 0.7862624229462826 0.7876000252032008100
26 0.72756 0.7927950783281538 0.7791074545001246 0.7858916726918361100
27 0.72752 0.7921921541289055 0.7796419883989272 0.7858669684395827100
29 0.73148 0.7957221974664205 0.781054736315921 0.7883202472172296100
30 0.7255199999999999 0.7877489286614571 0.7815430786544955 0.784633732973448100
31 0.72912 0.7956715467854869 0.7782343419250405 0.7868563515044694100
32 0.7297199999999999 0.7907888909976593 0.7836990595611285 0.7872280127216047100
33 0.73412 0.7980081716036772 0.7820809610210849 0.7899642936139286100
34 0.73228 0.7948114707191454 0.7829136915946386 0.7888177200012622100
35 0.73412 0.7922925778031311 0.7876496534341525 0.7899642936139287100
36 0.73072 0.7951148145792253 0.7807132596340016 0.7878482289171814100
37 0.7263200000000001 0.7901390644753477 0.7801772562726251 0.7851265624018593100
38 0.7356 0.8013847929221695 0.7806645016237822 0.7908889591901297100
39 0.73096 0.8027743882859161 0.773754255648406 0.7879972262497635100
40 0.7357199999999999 0.8026197508668294 0.7796419883989272 0.790964026956054100
41 0.7285200000000001 0.7946093700336915 0.7785251619332337 0.7864850410545192100
42 0.7320800000000001 0.785323867562983 0.7920917559090045 0.7886932929522367100
43 0.7272799999999999 0.7913896802785692 0.7801285651875429 0.7857187755358602100
44 0.7347600000000001 0.8017960230917255 0.7792531637678449 0.7903638835319782100
45 0.7372000000000001 0.8021047227926078 0.781934192418366 0.7918910357934749100
46 0.73804 0.7944073721004131 0.7904388516504364 0.7924181432058068100
47 0.7347600000000001 0.7953677780605752 0.7854225573358466 0.7903638835319781100
48 0.7416400000000001 0.8021561958544567 0.7873519778281683 0.7946851457452557100
49 0.7356400000000001 0.7998976131055225 0.7821298961331498 0.790913980195514100
50 0.73636 0.7990794604615483 0.7837973413594181 0.7913646291665348100
51 0.7381599999999999 0.7991816380026853 0.7859163784973279 0.7924935015532872100
52 0.7349600000000001 0.7967873533911269 0.7842891203413226 0.7904888382976032100
53 0.73244 0.7898395046126627 0.7879972262497636 0.7889172899113257100
54 0.7388399999999999 0.7953677780605752 0.7904888382976032 0.7929208030701894100
55 0.74248 0.7982629797560509 0.7921921541289055 0.7952159806603474100
57 0.73828 0.7948114707191454 0.7903388973191705 0.792568874235171100
58 0.74012 0.7970413823885736 0.7904388516504364 0.7937263866399974100
59 0.74276 0.7984159427695452 0.7923930269413629 0.795393083261748100
60 0.73428 0.794255941034439 0.7859163784973279 0.7900641532092406100
61 0.74152 0.7977535260705853 0.7914899005888685 0.7946093700336915100
62 0.7342 0.7945083582279285 0.785570638511815 0.7900142202559646100
63 0.73856 0.8002560819462228 0.7853732093490827 0.7927447995941147100
64 0.74244 0.7985179506835314 0.7918910357934749 0.795190686726677100
65 0.74192 0.7986199846664963 0.7911392405063291 0.7948620119547246100
66 0.73876 0.7920917559090045 0.7936507936507936 0.79287050838857100
67 0.73692 0.799744081893794 0.783846491503104 0.7917154891218291100
68 0.74272 0.7989773090444231 0.7917907138785076 0.7953677780605752100
69 0.73812 0.8014875609130546 0.7836499279042066 0.7924683805116176100
70 0.74484 0.8046864941418823 0.7888923950773115 0.7967111762643807100
71 0.74428 0.8042205494434794 0.7886435331230284 0.7963558755136495100
72 0.74344 0.8022591617996278 0.7894903050590538 0.7958235181766091100
73 0.741 0.7994371962138654 0.7891912368205063 0.7942811755361397100
74 0.74268 0.7992838416778566 0.7914397872609852 0.7953424744695066100
75 0.74432 0.8014361736231327 0.7913896802785692 0.7963812436289501100
76 0.74188 0.7994371962138654 0.7902889296326737 0.7948367405334945100
77 0.74368 0.7992327365728901 0.7927447995941147 0.7959755476311768100
78 0.74544 0.7973972952283745 0.7967873533911269 0.7970922076265783100
79 0.74224 0.7979062938848461 0.7922423627836228 0.7950642411906881100
80 0.7416 0.8003073180101159 0.7890915977526671 0.7946598855689765100
81 0.74624 0.7988751837412923 0.7963305090144613 0.7976008167432365100
82 0.74232 0.7993349533188387 0.7909390027841053 0.7951148145792253100
83 0.74444 0.800871348026653 0.7920917559090045 0.7964573576730702100
84 0.7418 0.8 0.7896399241945673 0.7947862025115244100
85 0.7436400000000001 0.8 0.7919412062848454 0.795950205355153100
86 0.74672 0.8011793359825663 0.7946598855689765 0.7979062938848462100
87 0.74664 0.8027228358592345 0.793046567694455 0.7978553647794728100
88 0.74812 0.8003585606351645 0.7972447222399388 0.7987986068952296100
89 0.74576 0.7999488032765903 0.7946598855689765 0.7972955734149765100
90 0.74844 0.8034451729014012 0.7946093700336915 0.7990028444501261100
91 0.74424 0.8004610655737705 0.7922423627836228 0.7963305090144613100
92 0.7434000000000001 0.7983649485852973 0.7932478740956974 0.7957981855801368100
93 0.7478 0.8037551440329218 0.7934996508601536 0.7985944737262419100
94 0.74436 0.8000512032770097 0.7927950783281538 0.7964066133605174100
95 0.74712 0.8022591617996278 0.7941045676894734 0.7981610369708192100
96 0.7476400000000001 0.8018474565398679 0.7951653944020356 0.7984924462614583100
97 0.7474799999999999 0.8009739843649878 0.7958235181766091 0.7983904448631559100
98 0.74552 0.8022076755230394 0.7921419518377694 0.7971430393469804100
99 0.7485999999999999 0.8003073180101159 0.7979062938848461 0.799105002397315100
100 0.7434799999999999 0.7969905636317266 0.794710407527497 0.7958488523859548100
