1 0.6038399999999999 0.7631257631257631 0.6748002591232996 0.7162502865001147100
2 0.55132 0.7828646583578631 0.6172839506172839 0.6902835684899358100
3 0.58816 0.7486823191183517 0.6720430107526881 0.708295557570263100
4 0.53988 0.7711765068788945 0.6159455996846358 0.684875215735693100
5 0.49524 0.7589095986886042 0.5910724418384717 0.6645578032377256100
6 0.52232 0.7984669434685404 0.5872128529149246 0.6767365058740729100
7 0.5199199999999999 0.7947609359104781 0.5875716837454169 0.6756391546402898100
8 0.5835600000000001 0.765181194906954 0.6553079947575361 0.705995312191127100
9 0.5486 0.780957141072098 0.6164012032151487 0.688989940746865100
10 0.5489200000000001 0.8031354407607298 0.6034857335972578 0.6891418805303636100
11 0.5196000000000001 0.7769283361302753 0.5974857798384399 0.6754931099702782100
12 0.5344800000000001 0.7730364873222016 0.6107094000390854 0.6823516567498226100
13 0.54996 0.7934996508601536 0.6098155917650503 0.689636147968332100
14 0.5131600000000001 0.7655092167309694 0.5997505037904232 0.6725673239891312100
15 0.5524800000000001 0.7777501244400199 0.6213959037582024 0.6908367414612578100
16 0.54532 0.7722246246988324 0.6194251734390486 0.6874364121318779100
17 0.5212399999999999 0.7862624229462826 0.5932324047268758 0.676242257026157100
18 0.5523199999999999 0.76447923674393 0.6300085681165264 0.6907603890362511100
19 0.5454 0.7853732093490827 0.6112768350530589 0.6874742197167606100
20 0.5512 0.7824726134585289 0.6174364040503828 0.6902263942573164100
21 0.5362 0.8067118425298483 0.5924170616113744 0.6831534362617844100
22 0.55556 0.7879475542107918 0.6173754136415271 0.6923098224917615100
23 0.55928 0.7862624229462826 0.621272365805169 0.6940973957465711100
24 0.54164 0.7668241212195571 0.6201012005159242 0.6857017471680518100
25 0.74012 0.791690417379188 0.795772854596384 0.7937263866399975100
26 0.73256 0.794710407527497 0.7833552672808172 0.7889919838414442100
27 0.7258800000000001 0.7825705878670256 0.7871536523929471 0.7848554296298621100
29 0.73516 0.7899393326592518 0.7912894853453187 0.7906138325796147100
30 0.7434000000000001 0.7892909010544926 0.8024136602901528 0.7957981855801369100
31 0.7332000000000001 0.7904388516504364 0.7883451059535822 0.7893905904641617100
32 0.74356 0.7940036841770945 0.797804442175134 0.7958995256438828100
33 0.7361599999999999 0.7924935015532872 0.7899892561461164 0.7912393973920749100
34 0.73944 0.7922423627836228 0.7943568886629385 0.793298216665609100
35 0.73636 0.7965334862677627 0.7862624229462826 0.7913646291665347100
36 0.74024 0.7957221974664205 0.7918910357934749 0.7938019940306089100
37 0.7348399999999999 0.7899393326592518 0.7908889591901297 0.7904138606974611100
38 0.74076 0.7902889296326737 0.7980081716036772 0.7941297925732982100
39 0.7365999999999999 0.7979062938848461 0.7852252025881022 0.791514959632737100
40 0.7388 0.7949631137115238 0.7908389219283817 0.792895654931811100
41 0.7438400000000001 0.793751587503175 0.7984159427695452 0.7960769328747929100
42 0.74076 0.7939532520325203 0.7943064116413547 0.7941297925732982100
43 0.74488 0.7943064116413547 0.7991816380026853 0.79673656702148100
44 0.7434000000000001 0.7961276351824724 0.7954690085274277 0.7957981855801369100
45 0.73844 0.7840923347133358 0.8014361736231327 0.7926693934493801100
46 0.74024 0.7950642411906882 0.7925437484149125 0.793801994030609100
47 0.7382 0.7884445565787814 0.7966350137021222 0.7925186241876684100
48 0.7384 0.8007687379884689 0.7846829880728186 0.7926442612555484100
49 0.7438400000000001 0.79673656702148 0.7954183900731785 0.796076932874793100
50 0.7424 0.7888426101224284 0.8015903552648455 0.7951653944020356100
51 0.73944 0.7918910357934749 0.794710407527497 0.793298216665609100
52 0.74292 0.7965334862677627 0.7944578619550019 0.795494320170554100
53 0.74248 0.7952665733553888 0.7951653944020356 0.7952159806603473100
54 0.74576 0.7994371962138654 0.7951653944020356 0.7972955734149764100
55 0.74472 0.7993349533188387 0.7939532520325203 0.7966350137021222100
57 0.74632 0.7959755476311767 0.7993349533188387 0.7976517133558803100
58 0.74892 0.798568964415767 0.8000512032770097 0.7993093966812674100
59 0.74552 0.793298216665609 0.8010253123998718 0.7971430393469803100
60 0.7445999999999999 0.7956715467854869 0.7974481658692185 0.7965588657001752100
61 0.74568 0.7973464310773745 0.7971430393469804 0.7972447222399387100
62 0.7492 0.8025166923472008 0.7964827322543647 0.799488327470419100
63 0.74508 0.7923427991886409 0.8014361736231327 0.7968635450865393100
64 0.74624 0.8018988965871183 0.7933485656257934 0.7976008167432365100
65 0.7430399999999999 0.7971938775510204 0.7939532520325203 0.7955702647657843100
66 0.7469600000000001 0.7959755476311767 0.8001536294968634 0.7980591202196258100
67 0.748 0.7947609359104781 0.8027228358592345 0.7987220447284346100
68 0.74676 0.7956715467854869 0.8002048524422252 0.7979317608758099100
69 0.74664 0.7939028262940616 0.8018474565398679 0.7978553647794728100
70 0.74976 0.7993349533188387 0.8003585606351645 0.7998464294855389100
71 0.74884 0.7962290591757437 0.8023106546854942 0.7992582883084498100
72 0.74804 0.798568964415767 0.7989262431292343 0.7987475638199303100
73 0.74712 0.795772854596384 0.8005635967721276 0.7981610369708192100
74 0.74848 0.7955702647657841 0.8025166923472008 0.7990283814881105100
75 0.74776 0.7955702647657841 0.8015903552648455 0.798568964415767100
76 0.7485999999999999 0.7984159427695452 0.7997952524153816 0.799105002397315100
77 0.74392 0.794255941034439 0.7980081716036772 0.7961276351824724100
78 0.74516 0.7955196334245529 0.7983139609145484 0.796914347645915100
79 0.74708 0.7945083582279285 0.8017960230917255 0.7981355553427194100
80 0.7482800000000001 0.7979572294924993 0.7998464294855387 0.7989007126194356100
81 0.74908 0.7917405624524956 0.8072328059412335 0.7994116330380839100
82 0.74888 0.7951148145792253 0.8034968181526001 0.7992838416778566100
83 0.74884 0.7968889455565472 0.8016417623292503 0.7992582883084498100
84 0.7516 0.8009739843649878 0.8010766470135863 0.8010253123998718100
85 0.75068 0.8007174428287746 0.8001536294968634 0.8004354368776614100
86 0.7482800000000001 0.8011279882073961 0.7966857871255577 0.7989007126194356100
87 0.74996 0.7994371962138654 0.8005123278898495 0.7999744008191738100
88 0.7472 0.7957221974664205 0.8007174428287746 0.7982120051085568100
89 0.74836 0.7981610369708192 0.799744081893794 0.7989517752708446100
90 0.74848 0.7957221974664205 0.8023621541819116 0.7990283814881105100
91 0.75116 0.7959755476311767 0.8055680866146807 0.8007430895871368100
92 0.7524 0.7998464294855387 0.8032386582701452 0.8015389547932029100
93 0.75296 0.7994371962138654 0.8043758043758044 0.8018988965871182100
94 0.74912 0.7948114707191454 0.8041170794467675 0.7994371962138654100
95 0.75292 0.8004098098226292 0.8033419023136247 0.8018731757385251100
96 0.75312 0.7970922076265783 0.8069722401549386 0.8020017964840241100
97 0.75112 0.7998976131055225 0.8015389547932029 0.8007174428287747100
98 0.74924 0.7970413823885736 0.8020017964840241 0.7995138955515048100
99 0.75012 0.7974990430011484 0.8026712900532974 0.8000768073735078100
100 0.7524 0.7982629797560509 0.8048419290451355 0.8015389547932029100
