1 0.5706 0.718225695242473 0.6819049697234193 0.699594235343500610
2 0.56596 0.7083758358834863 0.6866245536940401 0.697330618392792410
3 0.58492 0.7095016460438188 0.7038684610619967 0.706673827628119910
4 0.5589999999999999 0.7077741917218731 0.6806795905031584 0.693962526023594810
5 0.56324 0.7140816909454442 0.6788313239926144 0.696010467997438810
6 0.5509999999999999 0.6998880179171333 0.6806425265450585 0.690131124913733610
7 0.5805199999999999 0.7112780243541595 0.6978172277117177 0.704483331924366610
8 0.5534399999999999 0.6942130400977452 0.6884018063663399 0.691295210706780210
9 0.56352 0.7039873845460689 0.6884776382463098 0.696146134996658610
10 0.58588 0.7151848037532899 0.6993006993006993 0.70715356546827710
11 0.5840000000000001 0.7104290991759022 0.7020499859590003 0.706214689265536710
12 0.56316 0.7070135746606335 0.6852694479469328 0.695971715709473610
13 0.57508 0.706334406961632 0.6973111681356688 0.701793784914240810
14 0.59856 0.7111566251351198 0.7159631135803883 0.71355177531681710
15 0.5828 0.7148167209927374 0.6966505043749651 0.705616709003669110
16 0.58212 0.7140001142400183 0.6967670011148273 0.705278302818292110
17 0.56104 0.7072535928482516 0.6830601092896175 0.69494635014176910
18 0.5634399999999999 0.7102676288425479 0.6825006825006825 0.696107367600378610
19 0.58468 0.7145715429028754 0.6987143655673561 0.706553994856286810
20 0.5695600000000001 0.7006726457399103 0.6975057195469003 0.699085596040379110
21 0.57936 0.713511045150979 0.6945602044785242 0.703908097758756610
22 0.58012 0.7116019583285893 0.6971167252244715 0.704284869143871310
23 0.57108 0.7218340359184616 0.6791263718352711 0.699829241665033710
24 0.55844 0.7078944387812889 0.680050051683804 0.693692943755376210
25 0.56416 0.7111566251351198 0.6823516567498226 0.696456429685758910
26 0.71804 0.6923673424171929 0.8931761343336906 0.780055539954444810
27 0.71872 0.6928278461367919 0.8934953538241601 0.780469530469530610
29 0.7192799999999999 0.6937891990897486 0.892793371902007 0.780810793928415210
30 0.71992 0.694058856191005 0.8933676386506575 0.78120117492656710
31 0.7192799999999999 0.691830861191056 0.8960573476702509 0.780810793928415210
32 0.7176400000000001 0.703789201058499 0.8742481465939292 0.779812221217130910
33 0.71848 0.7039477389198626 0.8752888453189552 0.780323366002871610
34 0.71924 0.6924440505207179 0.8949667072384907 0.780786408070208310
35 0.7170799999999999 0.7029185176854299 0.8747375787263821 0.77947182988806810
36 0.7170000000000001 0.7026024394356697 0.8751050126015122 0.77942322681215910
37 0.71976 0.6935967151259571 0.8938787185354691 0.781103543085671410
38 0.7176 0.7032744458197367 0.874982500349993 0.779787897691827910
39 0.7199599999999999 0.6922523121227225 0.8964429145152036 0.781225586700415610
40 0.71936 0.6925207756232687 0.8950307890591437 0.780859570214892610
41 0.71904 0.6924056943444303 0.8947104716913606 0.780664501623782310
42 0.7198800000000001 0.6920989978406511 0.896571510543681 0.781176764678311410
43 0.7179599999999999 0.702523464283707 0.8767007995511292 0.780006864060403910
44 0.7192799999999999 0.7072135785007072 0.871505263891794 0.780810793928415210
45 0.71824 0.7045826052646412 0.8739425295392576 0.780177256272625110
46 0.71948 0.6936736958934517 0.8933037947545202 0.780932746071908210
47 0.71888 0.7065739641625686 0.8718699867475762 0.780567003871612410
48 0.7208 0.6938662225922843 0.8950948800572861 0.781738586616635410
49 0.7188 0.7050197405527355 0.8741258741258742 0.780518264127380610
50 0.7195199999999999 0.6939817899178325 0.8928571428571429 0.780957141072097910
51 0.7202 0.6943287229906127 0.8933676386506575 0.781372089388967110
52 0.7202 0.6934043379375381 0.8949026345933563 0.781372089388967110
53 0.71888 0.6925591445509447 0.8941984405179197 0.780567003871612410
54 0.7203999999999999 0.6920606798804119 0.8974727168294084 0.781494216942794610
55 0.7192799999999999 0.689693224453763 0.8996689218367641 0.780810793928415210
57 0.71992 0.6936736958934517 0.894006579888428 0.781201174926567210
58 0.71872 0.704304710389903 0.8751050126015122 0.780469530469530410
59 0.7194400000000001 0.6920989978406511 0.8958646885974343 0.780908352595739410
60 0.7196400000000001 0.6939047407571889 0.8931761343336906 0.781030335218219910
61 0.71868 0.7051788333521382 0.8736981896973509 0.780445165922642310
62 0.71976 0.6915629322268326 0.8972794487115067 0.781103543085671410
63 0.71956 0.689921624903411 0.899733678831066 0.780981537596451310
64 0.71924 0.6913716814159292 0.8967644737786068 0.780786408070208410
65 0.7203200000000001 0.6941359395824078 0.8938787185354691 0.78144536134033510
66 0.72 0.6932889628397116 0.8947745168217609 0.7812510
67 0.7192000000000001 0.6923289947382997 0.8950948800572861 0.780762023735165610
68 0.71848 0.7069336047958376 0.8707160769016439 0.780323366002871610
69 0.7194 0.6940203209149964 0.8926021136818052 0.780883960643448310
70 0.72036 0.6936352033738417 0.8947745168217609 0.781469788377981310
71 0.71932 0.6914481690452484 0.8967644737786068 0.780835181309929110
72 0.7196 0.6932120674356699 0.8942624123622835 0.781005935645110910
73 0.72012 0.6935197514425211 0.8945824089315108 0.781323249054598810
74 0.7194400000000001 0.7071335633874526 0.8718699867475762 0.780908352595739310
75 0.7192000000000001 0.7065739641625686 0.8723567590201688 0.780762023735165610
76 0.7186 0.7047812359043752 0.8741870060843415 0.780396441392227310
77 0.71956 0.6920223661628744 0.8961858330943504 0.780981537596451310
78 0.71992 0.6934812760055479 0.8943263933605209 0.781201174926567210
79 0.71936 0.7067737193260206 0.8722958827634334 0.780859570214892610
80 0.71976 0.6922139771846273 0.8961858330943504 0.781103543085671410
81 0.7203200000000001 0.6936352033738417 0.8947104716913606 0.781445361340335210
82 0.72012 0.6937891990897486 0.894134477825465 0.781323249054598810
83 0.72012 0.6914481690452484 0.8980530210503628 0.781323249054598910
84 0.72036 0.6934812760055479 0.8950307890591437 0.781469788377981310
85 0.71976 0.6922906513070447 0.8960573476702509 0.781103543085671310
86 0.72044 0.6939432631988008 0.8943903835145964 0.781518647034918110
87 0.72012 0.6936736958934517 0.8943263933605209 0.781323249054598810
88 0.7206 0.6942901577427238 0.8940705242829554 0.78161638267938110
89 0.72044 0.694058856191005 0.8941984405179197 0.781518647034918210
90 0.72072 0.6942130400977452 0.8943903835145964 0.781689700456506910
91 0.72016 0.6937506937506938 0.8942624123622835 0.781347668458557310
92 0.7203999999999999 0.6942901577427238 0.8937508937508938 0.781494216942794510
93 0.72028 0.6942515967786725 0.8936231055190162 0.781420935829712710
94 0.72044 0.6935582311490873 0.8950307890591437 0.781518647034918410
95 0.7202 0.6942130400977452 0.89355922510544 0.78137208938896710
96 0.72024 0.6942901577427238 0.8934953538241601 0.781396511845971110
97 0.72028 0.6940203209149964 0.894006579888428 0.781420935829712810
98 0.72036 0.6938662225922843 0.8943903835145964 0.781469788377981410
99 0.72052 0.6940203209149964 0.8943903835145964 0.781567511801669410
100 0.72044 0.6939817899178325 0.8943263933605209 0.781518647034918210
