1 0.7139599999999999 0.7053379979686266 0.8663109016563865 0.77758079064414810
2 0.71268 0.6935582311490873 0.882768361581921 0.776807631358170710
3 0.7086 0.6810504522175003 0.8972794487115067 0.774353414898559610
4 0.71772 0.6909513017522525 0.8950307890591437 0.779860872820288910
5 0.71712 0.6918691537056512 0.8925383791503034 0.779496133699176810
6 0.7158800000000001 0.6917542888765911 0.8907575001781515 0.778743419618104210
7 0.7152000000000001 0.6892748828232699 0.8938148015731141 0.778331257783312510
8 0.7148 0.6932120674356699 0.8866505887359909 0.77808901338313110
9 0.7148 0.7017740848865933 0.8730269590724962 0.77808901338313110
10 0.71572 0.7003585835948005 0.8766393155200224 0.77864640109633410
11 0.71712 0.7018528916339135 0.8764549151591642 0.779496133699176810
12 0.71956 0.6917925729149372 0.896571510543681 0.780981537596451410
13 0.71932 0.6890848952590959 0.9007710600273834 0.78083518130992910
14 0.7183999999999999 0.6898074057723084 0.8980530210503628 0.780274656679151210
15 0.7167600000000001 0.6906840534865731 0.8939426446399199 0.779277453944702410
16 0.7178800000000001 0.6902263942573164 0.8965072079179517 0.779958194240788710
18 0.7176 0.7055768796568074 0.8714445064138315 0.779787897691827910
20 0.71932 0.6908749240037584 0.8977305372019535 0.78083518130992910
21 0.7192000000000001 0.6935197514425211 0.8931123178050872 0.780762023735165510
22 0.71984 0.6928278461367919 0.8952872081363702 0.781152355955505610
23 0.72052 0.6937506937506938 0.8948385711217697 0.781567511801669510
24 0.71836 0.7027604430201833 0.8769468219447173 0.780250304297618510
25 0.72 0.6940203209149964 0.89355922510544 0.781250000000000110
26 0.71924 0.6935582311490873 0.8931123178050872 0.780786408070208410
27 0.71968 0.6939817899178325 0.8931123178050872 0.78105473631592110
29 0.71836 0.7064541652537584 0.8712622847982157 0.780250304297618710
30 0.7190799999999999 0.6901120742008502 0.8986340762041697 0.78068887986759510
31 0.72028 0.6947146112377035 0.8928571428571429 0.781420935829712710
32 0.71844 0.691716009075314 0.8949026345933563 0.780299010580854610
33 0.7196400000000001 0.6939817899178325 0.8930485103950847 0.7810303352182210
34 0.7196 0.6939817899178325 0.8929847121017288 0.781005935645110910
35 0.71712 0.7033931686455461 0.8740647507167331 0.779496133699176910
36 0.7188 0.6912952107067802 0.8961858330943504 0.780518264127380610
37 0.7198800000000001 0.6926742768480549 0.8956079386687683 0.781176764678311310
38 0.7203999999999999 0.6916394621811542 0.8981820794711504 0.781494216942794810
39 0.7175199999999999 0.7048209754722301 0.8724785370279892 0.779739255193063510
40 0.7194400000000001 0.6912952107067802 0.8972150445018662 0.780908352595739310
41 0.72072 0.6919457514530861 0.8981820794711504 0.781689700456506910
42 0.7188 0.7062545906548393 0.8722350150024423 0.780518264127380710
43 0.7188 0.6915629322268326 0.8957362952346829 0.780518264127380510
44 0.72016 0.6941744876992281 0.89355922510544 0.781347668458557310
45 0.7190799999999999 0.706374321880651 0.8724785370279892 0.780688879867595210
46 0.7198 0.6935967151259571 0.8939426446399199 0.781127948758006410
47 0.71984 0.6920223661628744 0.8966358223943763 0.781152355955505510
48 0.72 0.6921756464920539 0.8966358223943763 0.7812510
49 0.7199599999999999 0.694058856191005 0.8934314916732184 0.781225586700415610
50 0.71816 0.7046223224351748 0.8737592618481755 0.780128565187542810
51 0.71948 0.6911041079228175 0.8976016085020825 0.780932746071908310
52 0.7199599999999999 0.6944830268348241 0.8927296100557063 0.781225586700415610
53 0.72036 0.6942515967786725 0.8937508937508938 0.781469788377981310
54 0.7202 0.6924440505207179 0.8965072079179517 0.781372089388967110
55 0.7188399999999999 0.7045826052646412 0.8748600223964166 0.780542633238627510
57 0.72008 0.6940973957465711 0.89355922510544 0.781298831176948410
58 0.71904 0.7058956403885249 0.8731489242805253 0.780664501623782110
59 0.72028 0.6920989978406511 0.8972150445018662 0.781420935829712710
60 0.7190799999999999 0.6891988752274356 0.9001872389457007 0.78068887986759510
61 0.719 0.7062545906548393 0.872539438782633 0.780640124902420110
62 0.72052 0.6936736958934517 0.8949667072384907 0.781567511801669510
63 0.7192799999999999 0.6921373200442967 0.8955437741796819 0.780810793928415110
64 0.72024 0.6942901577427238 0.8934953538241601 0.781396511845971110
65 0.71992 0.6941744876992281 0.8931761343336906 0.781201174926566910
66 0.71976 0.6916011950868651 0.8972150445018662 0.781103543085671410
67 0.7198 0.6936736958934517 0.8938148015731141 0.781127948758006610
68 0.7196400000000001 0.691830861191056 0.8966358223943763 0.7810303352182210
69 0.7198800000000001 0.6937506937506938 0.8938148015731141 0.781176764678311410
70 0.72036 0.6938277087033747 0.8944543828264758 0.781469788377981310
71 0.71848 0.7051788333521382 0.873392956959195 0.780323366002871710
72 0.7202 0.6922906513070447 0.8967644737786068 0.78137208938896710
73 0.71912 0.7064142413111049 0.8724785370279892 0.780713259634001710
74 0.72028 0.6941359395824078 0.8938148015731141 0.781420935829712710
75 0.72052 0.6935197514425211 0.8952230895939268 0.781567511801669410
76 0.72068 0.6942515967786725 0.8942624123622835 0.781665259669199310
77 0.72036 0.6936736958934517 0.8947104716913606 0.781469788377981310
78 0.7202 0.6939432631988008 0.894006579888428 0.78137208938896710
79 0.72036 0.6942515967786725 0.8937508937508938 0.781469788377981310
80 0.7203999999999999 0.693365875305081 0.8952872081363702 0.781494216942794610
81 0.72 0.6938277087033747 0.8938787185354691 0.7812510
82 0.72036 0.6946760031121485 0.8930485103950847 0.781469788377981210
83 0.7196 0.6919840566873339 0.8963143553707156 0.781005935645110910
84 0.7208 0.694367292523053 0.8942624123622835 0.781738586616635410
85 0.72004 0.6944444444444444 0.8929209229230659 0.781274414825463310
86 0.72072 0.6942515967786725 0.8943263933605209 0.781689700456506810
87 0.71976 0.6921756464920539 0.896250089625009 0.781103543085671410
88 0.72048 0.6934812760055479 0.8952230895939268 0.781543078654495510
89 0.72036 0.6941359395824078 0.8939426446399199 0.781469788377981410
91 0.72036 0.6939047407571889 0.8943263933605209 0.781469788377981310
92 0.72052 0.6937506937506938 0.8948385711217697 0.781567511801669510
93 0.7206 0.6944058663407588 0.8938787185354691 0.781616382679380910
94 0.7202 0.6942901577427238 0.8934314916732184 0.78137208938896710
95 0.72068 0.6942901577427238 0.8941984405179197 0.781665259669199310
96 0.72036 0.6939047407571889 0.8943263933605209 0.781469788377981310
97 0.72044 0.6939817899178325 0.8943263933605209 0.781518647034918210
98 0.72052 0.6938277087033747 0.8947104716913606 0.781567511801669410
99 0.72052 0.6940203209149964 0.8943903835145964 0.781567511801669410
100 0.72044 0.6939817899178325 0.8943263933605209 0.781518647034918210
