1 0.52752 0.7528306432185016 0.6185669041963578 0.679126371835271120
2 0.53216 0.7584491232328135 0.6183527083848627 0.681273163287551720
3 0.5786 0.7547853390495743 0.6587962474965743 0.703531729280990520
4 0.55444 0.7614058597794968 0.6338099584220668 0.691773430366086420
5 0.5616399999999999 0.7695148978084215 0.63403499873193 0.695236241274785120
6 0.53752 0.7577594568380214 0.6229442838632513 0.683770034462009720
7 0.53216 0.7567502118900593 0.6194865695311725 0.681273163287551820
8 0.5682 0.7641988139634407 0.6430702747196214 0.69842156725799720
9 0.5549200000000001 0.7567960283344433 0.6374298827129016 0.692003210894898620
10 0.5311600000000001 0.757621674040851 0.618138660864405 0.68080934615070420
11 0.5429999999999999 0.7572544980917186 0.6275730495029621 0.686341798215511220
12 0.5456799999999999 0.7597860442499392 0.6279513714457953 0.687606579019748120
13 0.54844 0.7681435506667486 0.6245003996802558 0.688913995976742320
14 0.54928 0.7583570951889825 0.6317917614354309 0.68931289290834920
15 0.54228 0.7552870090634441 0.6283617352837682 0.686002798891419620
16 0.53992 0.7695148978084215 0.6170401816566294 0.684893978412141820
17 0.53756 0.7700837851158207 0.6148851394559496 0.683788736631930220
18 0.55096 0.7696096539834996 0.6255004003202562 0.690112074200850220
19 0.5522 0.7683796410130317 0.6272896070657902 0.690703135792236520
20 0.5378000000000001 0.7683796410130317 0.6161581308226943 0.683900971139379120
21 0.54268 0.7582190949896882 0.6266606507244197 0.686191090494880920
22 0.5416799999999999 0.7695148978084215 0.6183832987038687 0.685720555159361420
23 0.55816 0.7639652854174306 0.6350335297703719 0.693558231149087320
24 0.53644 0.7684741177917128 0.6150666732273778 0.683265462297411820
25 0.5452 0.7711765068788945 0.620008928128565 0.687379708551003520
26 0.7434799999999999 0.7353373727866345 0.8672124323574303 0.795848852385954920
27 0.74152 0.744801287016624 0.8515566455480619 0.794609370033691520
29 0.74428 0.7384215500945179 0.8641548565502938 0.796355875513649520
30 0.74264 0.7452453347642044 0.85260214173658 0.795317172488388320
31 0.74484 0.7326651427231698 0.8730269590724962 0.796711176264380620
32 0.7441599999999999 0.734128149409761 0.8699283179066045 0.796279780863804420
33 0.74388 0.7456899123068663 0.8538251366120219 0.796102283221348220
34 0.74212 0.7283957811316357 0.874982500349993 0.794988393169459720
35 0.74168 0.7325792650764813 0.868357068426537 0.794710407527496920
36 0.7454000000000001 0.744535112275895 0.8575740944017564 0.797066794197353720
37 0.7445200000000001 0.7356835971985168 0.8682967490969714 0.79650810845254420
38 0.7464 0.7426772027805835 0.861534220139224 0.797702616464582120
39 0.7442 0.7331808317203355 0.8713230168688136 0.796305144131231120
40 0.74368 0.7452009061643019 0.8541752084187508 0.795975547631176820
41 0.74444 0.7384215500945179 0.864393887006431 0.796457357673070220
42 0.74524 0.7353373727866345 0.8698677800974252 0.796965156683349820
43 0.74588 0.7413118254062389 0.8626043751293907 0.797371862341721620
44 0.74524 0.7384215500945179 0.8655910255522471 0.796965156683349820
45 0.74568 0.7428096030425482 0.8602890571231934 0.797244722239938820
46 0.7450399999999999 0.7335680751173709 0.8720524626761545 0.796838146235736620
47 0.74336 0.7331378299120235 0.8701099819017124 0.79577285459638420
48 0.74432 0.7332238385734396 0.8714445064138315 0.7963812436289520
49 0.74404 0.7414437392490658 0.859697386519945 0.796203700754801120
50 0.74448 0.7330088547469653 0.8719916288803627 0.796482732254364720
51 0.74552 0.7396012070291699 0.864393887006431 0.797143039346980420
52 0.74472 0.7399514591842775 0.8627234453723515 0.796635013702122220
53 0.74648 0.7335680751173709 0.8742481465939292 0.797753526070585320
54 0.74508 0.7323646590110148 0.8738203425375742 0.796863545086539320
55 0.7460800000000001 0.7351211479651847 0.8714445064138315 0.797499043001148520
57 0.74552 0.737550153410432 0.8672124323574303 0.797143039346980420
58 0.74484 0.7365071883101579 0.8676337891302839 0.796711176264380620
59 0.744 0.7358568316948254 0.8672726011239853 0.796178343949044620
60 0.74392 0.7342575187969925 0.8693837807761858 0.796127635182472420
61 0.74456 0.7353806330156489 0.8687795385043091 0.796533486267762720
62 0.74516 0.7317644303945674 0.8747987962768563 0.79691434764591520
63 0.74716 0.7343437903889085 0.8741870060843415 0.798186520226046420
64 0.7442 0.7359001530672319 0.8675133597057395 0.796305144131231120
65 0.74604 0.7354671687455872 0.8708980700898766 0.797473603623720120
66 0.74472 0.7358135154226513 0.8684173961372794 0.796635013702122220
67 0.74684 0.7399952640303102 0.865830851284893 0.797982699735069920
68 0.74692 0.7423684523102506 0.8627234453723515 0.798033645098477420
69 0.7452 0.7344300822561692 0.8710801393728222 0.796939751354797720
70 0.74568 0.7368545154444707 0.8684173961372794 0.797244722239938820
71 0.74424 0.7349482596425212 0.8689003197553177 0.796330509014461320
72 0.74588 0.7426330798479087 0.8608222574202878 0.797371862341721620
73 0.74604 0.7384215500945179 0.8667914846404549 0.797473603623720120
74 0.7448 0.7332668504722238 0.8721133049605805 0.796685787125557820
75 0.74624 0.7383779313603875 0.8671522719389525 0.797600816743236520
76 0.74632 0.7360301477948537 0.870534159760429 0.797651713355880420
77 0.7470399999999999 0.7351211479651847 0.8729050279329609 0.798110075341591220
78 0.7465200000000001 0.7362035455562754 0.8705947903607745 0.797778983310463720
79 0.746 0.7367676529529648 0.8690211345939933 0.797448165869218520
80 0.74588 0.7366808109382367 0.8689607229753216 0.797371862341721720
81 0.74648 0.7357702042498087 0.8711408460519897 0.797753526070585320
82 0.74716 0.7362469077629874 0.871505263891794 0.798186520226046520
83 0.7474000000000001 0.7356403013182674 0.872722195070865 0.798339453935813420
84 0.7465999999999999 0.738465173982395 0.8675735702387563 0.79782990266475220
85 0.74476 0.7357268981753973 0.8685984295740393 0.796660399604856420
86 0.74596 0.7349050502675054 0.8715660298424208 0.797422729737488420
87 0.74692 0.7348186467579801 0.8731489242805253 0.798033645098477420
88 0.7460800000000001 0.734602726845322 0.8721741557354172 0.797499043001148520
89 0.74672 0.7370283018867925 0.8697467297522962 0.797906293884846220
90 0.7452799999999999 0.7367676529529648 0.8679350090265241 0.796990563631726620
91 0.74604 0.7357702042498087 0.8704735376044568 0.7974736036237220
92 0.7469600000000001 0.7352508675960238 0.8726003490401396 0.798059120219625920
93 0.74644 0.7371152258521052 0.8692024198595368 0.797728070455343120
94 0.74552 0.7350779182593354 0.8706554294072578 0.797143039346980420
95 0.7469600000000001 0.7353806330156489 0.8724176437744277 0.798059120219625920
96 0.74648 0.7363770250368189 0.8702917217851424 0.797753526070585320
97 0.74692 0.7367242293864561 0.8704735376044568 0.798033645098477420
98 0.7465200000000001 0.7370717613066808 0.8693837807761858 0.797778983310463720
99 0.7465999999999999 0.7363336475023563 0.870534159760429 0.79782990266475220
100 0.74676 0.7366373976074018 0.8703523186185768 0.797931760875809920
