1 0.73212 0.7317215945676989 0.8553441905022581 0.788718175221629820
2 0.7257199999999999 0.7300122642060387 0.848377901452423 0.784756882317857920
3 0.72112 0.7122912986494957 0.8666712889135408 0.78193419241836620
4 0.73568 0.7407407407407407 0.8484354849657232 0.790939002784105220
5 0.7374 0.7463577740625746 0.8436255652291287 0.792016473942658120
6 0.73996 0.7396449704142012 0.8561057461817684 0.793625599187327420
7 0.73112 0.729884386313208 0.8563990134283366 0.788096589117962320
8 0.73424 0.7338695473492632 0.8555198138388885 0.790039185943622920
9 0.73732 0.734128149409761 0.859697386519945 0.79196629391453120
10 0.736 0.7389890629618682 0.8512087163772557 0.791139240506329220
11 0.74332 0.7417517208639924 0.8582217645039478 0.795747525225196520
12 0.74228 0.7432512783921988 0.8547008547008547 0.795089527080749320
13 0.74308 0.7369413984199976 0.864393887006431 0.795595582853323920
14 0.7434000000000001 0.7392075694855116 0.8617718028266115 0.795798185580136920
15 0.7410399999999999 0.7399514591842775 0.8572800219463685 0.794306411641354820
16 0.74072 0.7364637954398162 0.861534220139224 0.794104567689473220
18 0.7438 0.7368110816386678 0.8656509695290858 0.796051584142652420
19 0.74092 0.737506637559738 0.8604074889867841 0.794230708136099320
20 0.74288 0.733740314627847 0.868538076709283 0.795469008527427920
21 0.74184 0.7333528894103842 0.8675133597057395 0.794811470719145420
22 0.73924 0.7326222013831907 0.864633049733693 0.793172372219930820
23 0.7409600000000001 0.7317644303945674 0.8684173961372794 0.79425594103443920
24 0.7438 0.7402582020608789 0.86094083614574 0.796051584142652420
25 0.7409600000000001 0.733740314627847 0.8656509695290858 0.79425594103443920
26 0.74332 0.7392512862972381 0.8615936035290874 0.795747525225196720
27 0.7420800000000001 0.7310369027428505 0.8711408460519897 0.794963113711523820
29 0.74312 0.7393824677629244 0.8611187655001378 0.795620902552351820
30 0.7410399999999999 0.7363336475023563 0.8621878879845496 0.794306411641354820
31 0.744 0.7336111274135806 0.8704129238910939 0.796178343949044520
32 0.7438 0.7399514591842775 0.8613561190738699 0.796051584142652420
33 0.7416 0.7362902750780468 0.8630808534143478 0.794659885568976520
34 0.74256 0.7362902750780468 0.8645134518293105 0.795266573355388620
35 0.7434000000000001 0.7360734895771994 0.8660708099494214 0.795798185580136920
36 0.7438 0.7405651993601516 0.8605259534627564 0.796051584142652520
37 0.7425999999999999 0.7417517208639924 0.8571624494274155 0.79529187211706720
38 0.74276 0.7359434795407712 0.8652914301536757 0.795393083261747820
39 0.74388 0.7354671687455872 0.8676337891302839 0.796102283221348220
40 0.7429600000000001 0.7403458895996209 0.8595791500481365 0.795519633424552920
41 0.74368 0.7342575187969925 0.8690211345939933 0.795975547631176820
42 0.74064 0.7355537248440626 0.862663906142167 0.794054122729005220
43 0.746 0.7432512783921988 0.8601706578585191 0.797448165869218520
44 0.74516 0.7358135154226513 0.8690815546130849 0.79691434764591520
45 0.743 0.7349914740989004 0.8669718407546123 0.795544948289578420
46 0.7425200000000001 0.7354238983350003 0.8656509695290858 0.795241276203200220
47 0.742 0.742104013298504 0.8558126797206628 0.79491255961844220
48 0.74536 0.7356403013182674 0.8696257130930848 0.797041382388573620
49 0.74636 0.7451564828614009 0.8581628449814637 0.797677164098146220
50 0.74588 0.7353806330156489 0.8707767328456983 0.797371862341721720
51 0.7464 0.7342575187969925 0.8731489242805253 0.79770261646458220
52 0.7464 0.7326651427231698 0.8754114433783878 0.797702616464582120
53 0.74484 0.7354238983350003 0.8691419830343485 0.796711176264380720
54 0.7457199999999999 0.7326651427231698 0.8743704532736429 0.797270147016615120
55 0.7450399999999999 0.7382907093497135 0.8654711625008654 0.796838146235736720
57 0.7458 0.7347754526216788 0.871505263891794 0.797321001435177820
58 0.7456400000000001 0.7377678097149265 0.8670921198668147 0.797219299084792320
59 0.74604 0.7315074906367042 0.8765163733258537 0.797473603623720120
60 0.74424 0.7344300822561692 0.8696257130930848 0.796330509014461320
61 0.74508 0.7348618459729571 0.8702917217851424 0.796863545086539420
62 0.7458400000000001 0.7371586955239724 0.8682364381468362 0.797346431077374620
63 0.7457199999999999 0.742104013298504 0.861296768414525 0.797270147016615120
64 0.74468 0.7349482596425212 0.8695652173913043 0.796609629417200320
65 0.74632 0.7342143906020558 0.8730879374170566 0.797651713355880320
66 0.74444 0.7372456502506636 0.8660108078148815 0.796457357673070220
67 0.74596 0.7365505862942667 0.8692628650904033 0.797422729737488420
68 0.74588 0.7346890795815211 0.8717483785480159 0.797371862341721620
69 0.74612 0.7410920732791842 0.8632596685082873 0.79752448400165920
70 0.74412 0.7341712674732762 0.8698072507132419 0.796254419212026620
71 0.74576 0.7363336475023563 0.8692628650904033 0.797295573414976420
72 0.74628 0.7371586955239724 0.8689003197553177 0.797626264237628820
73 0.74536 0.737724268177526 0.8667313826099016 0.797041382388573620
74 0.74596 0.7364204076823377 0.8694442512346109 0.797422729737488620
75 0.74604 0.7381163271331562 0.8672124323574303 0.797473603623720120
76 0.74568 0.7345595580889699 0.8716268042674848 0.797244722239938820
77 0.7457199999999999 0.7361601884570083 0.8694442512346109 0.797270147016615120
78 0.747 0.7374196212612825 0.8696257130930848 0.798084596967278520
79 0.74536 0.7363770250368189 0.8685984295740393 0.797041382388573620
80 0.74464 0.7367676529529648 0.8669718407546123 0.796584246749936220
81 0.7458 0.7345163944059231 0.8718699867475762 0.797321001435177720
82 0.74732 0.7398200757575758 0.8667914846404549 0.798288469521346220
83 0.74648 0.7350779182593354 0.8721133049605805 0.797753526070585120
84 0.74676 0.7381163271331562 0.8682967490969714 0.7979317608758120
85 0.7457199999999999 0.7362469077629874 0.8693233187287016 0.797270147016615120
86 0.7454799999999999 0.7374196212612825 0.8673327782403553 0.797117622676402120
87 0.74724 0.7363770250368189 0.8714445064138315 0.798237491618506220
88 0.74576 0.7353806330156489 0.8705947903607745 0.797295573414976420
89 0.74672 0.7369413984199976 0.8698677800974252 0.797906293884846120
91 0.7450399999999999 0.7352508675960238 0.8696862172128296 0.796838146235736620
92 0.7465200000000001 0.7359434795407712 0.870958751393534 0.797778983310463520
93 0.74672 0.7366808109382367 0.8702311333890281 0.797906293884846120
94 0.7462 0.7378113563923976 0.8678747483163229 0.797575370872547420
95 0.7468 0.7374631268436578 0.8692628650904033 0.797957229492499120
96 0.74628 0.7348186467579801 0.8721741557354172 0.797626264237628720
97 0.74588 0.7368110816386678 0.8687795385043091 0.797371862341721720
98 0.7456400000000001 0.7367676529529648 0.8684777322309456 0.797219299084792320
99 0.74664 0.7363336475023563 0.8705947903607745 0.797855364779472820
100 0.74676 0.7366373976074018 0.8703523186185768 0.797931760875809920
