1 0.55644 0.7648066568771414 0.6330716637123323 0.69273185735265630
2 0.5906 0.7601094557616297 0.6652474720596062 0.709521782318717230
3 0.5454399999999999 0.7681907571288102 0.6221381644435596 0.687493125068749430
4 0.57584 0.749400479616307 0.6605368843796238 0.702168295697112730
5 0.5483199999999999 0.7638719139574676 0.6272581292653553 0.68885704838531930
6 0.54828 0.7623345733975727 0.6282669883393647 0.68883806794698730
7 0.54704 0.7530120481927711 0.6337456905293044 0.688250192710053930
8 0.56208 0.7666830225711482 0.6363266137242924 0.695448981862690430
9 0.5747599999999999 0.773323434793368 0.6421122925977295 0.701636215654907230
10 0.53884 0.7682851874615857 0.6170097240732514 0.684387746721782730
11 0.5342 0.7575757575757576 0.6205013651030032 0.682221312593805530
12 0.55496 0.7658375199117755 0.6311856190668552 0.692022366162874430
13 0.57988 0.7647598654022637 0.652468942478338 0.704165845139847430
14 0.5711999999999999 0.7558350465594389 0.6516525909707017 0.699888017917133330
15 0.5920000000000001 0.7634053988029803 0.6639753532348879 0.710227272727272730
16 0.57392 0.7654154675157676 0.6469644428342218 0.701222932794794230
17 0.55916 0.7712716727340039 0.6308670636923388 0.694039588018100630
18 0.5466 0.76103500761035 0.6278252134605726 0.68804183294344330
19 0.5727599999999999 0.761591421434229 0.6487440315549097 0.70065300860401930
20 0.56508 0.767860433687573 0.637950392977442 0.696902963231399730
21 0.54884 0.7746653445711452 0.6205629747306757 0.689103889302351230
22 0.53836 0.7611276867807343 0.621334128641018 0.684162994991926930
23 0.5508 0.7599708171206225 0.6318875745627338 0.69003588186585730
24 0.57828 0.7616842361830479 0.6533556345389923 0.70337337872436230
25 0.7478 0.7465360726230291 0.8584575235217361 0.798594473726241830
26 0.7458400000000001 0.7381599149639778 0.8668515950069348 0.797346431077374630
27 0.7429600000000001 0.7426772027805835 0.8564576909900651 0.795519633424552930
29 0.7450399999999999 0.746224106023521 0.8548177528550913 0.796838146235736730
30 0.7476 0.7433396764985728 0.8624258313785015 0.798466943468540530
31 0.74604 0.7451120648545542 0.8577506347354698 0.797473603623720230
32 0.7490399999999999 0.7472501195600191 0.8593427746459508 0.799386071497090230
33 0.74648 0.750435252446419 0.8514406375587494 0.797753526070585430
34 0.74468 0.7413118254062389 0.8608222574202878 0.796609629417200530
35 0.75192 0.7589095986886042 0.8485506754463377 0.801230690340362730
36 0.7494799999999999 0.7473841554559043 0.8598156555234557 0.799667338387230830
37 0.75224 0.7498500299940012 0.8606444505645827 0.801436173623132730
38 0.7492 0.7471607890017932 0.859697386519945 0.799488327470418930
39 0.74832 0.7531481593058986 0.8506294658046955 0.798926243129234330
40 0.7458400000000001 0.7407846390897238 0.8632596685082873 0.797346431077374630
41 0.7485200000000001 0.7500750075007501 0.8548762139242237 0.799053920158532430
42 0.74848 0.7439147771231328 0.8629616845012081 0.799028381488110530
43 0.75156 0.7567044009927961 0.8508031581813231 0.800999647560155130
44 0.75 0.7489514679448772 0.8585164835164835 0.830
45 0.7494799999999999 0.747205451610975 0.8600522911793037 0.799667338387230930
46 0.7522 0.7468929254302104 0.8645134518293105 0.801410482449110530
47 0.75056 0.7471161317315164 0.8617718028266115 0.800358560635164530
48 0.7484 0.7444464296349235 0.8621284226498379 0.798977309044423130
49 0.75252 0.7561551025346319 0.8528930131004366 0.801616057972873330
50 0.7484 0.7446681758608364 0.8618312189740761 0.798977309044423130
51 0.74928 0.7513373805373565 0.854350351992345 0.799539465268005730
52 0.75168 0.7494903465643362 0.8602890571231934 0.801076647013586330
53 0.7518 0.7511116452349478 0.8583396278239374 0.80115366127223230
54 0.75032 0.7535567880395466 0.8530094172239662 0.800204852442225230
55 0.75268 0.7477418197044924 0.8640951195907646 0.80171888529006230
57 0.75052 0.7497151082588617 0.8582806921175501 0.80033293850241730
58 0.75144 0.7468036802485363 0.8634982039237359 0.800922662907669730
59 0.753 0.7539203860072377 0.8564576909900651 0.80192461908580630
60 0.74988 0.7451564828614009 0.8633789197402956 0.799923207372092230
61 0.7522800000000001 0.7459569135286745 0.8658908284843447 0.801461866444394530
62 0.7516 0.7521058965102286 0.8567511994516792 0.801025312399871830
63 0.75156 0.7463132127291181 0.864334116996266 0.800999647560155230
64 0.75248 0.7480102926216264 0.8634385577122332 0.801590355264845530
65 0.7524 0.7475629447999521 0.8639159582555809 0.801538954793202930
66 0.75352 0.7578053955744165 0.8522533578782301 0.802259161799627930
67 0.75376 0.7527853056308341 0.8590474881451446 0.802413660290152730
68 0.75056 0.745423102152782 0.8640353908896108 0.800358560635164530
69 0.7542 0.7580351728320194 0.8529512111907199 0.802697062128752630
70 0.75404 0.757621674040851 0.8532423208191127 0.802593983755497830
71 0.7538400000000001 0.7548765022042394 0.8564576909900651 0.802465173011491330
72 0.75232 0.7532389273877674 0.8563403439062821 0.801487560913054630
73 0.75284 0.7532389273877674 0.8571036752605595 0.801821738990987530
74 0.753 0.7501650363079878 0.8613561190738699 0.801924619085805930
75 0.75248 0.7517440461871542 0.8585164835164835 0.801590355264845530
76 0.75352 0.7560179025039313 0.8545255674049768 0.802259161799627830
77 0.75248 0.7532389273877674 0.8565750702391558 0.801590355264845530
78 0.75276 0.7484133636690217 0.8633192900062159 0.80177030884192330
79 0.75284 0.7480550568521843 0.8639159582555809 0.801821738990987530
80 0.7532 0.7540113403305586 0.8566337719298246 0.802053256336220830
81 0.75072 0.7458233890214797 0.8637368711995578 0.800461065573770430
82 0.7536 0.7542843350229302 0.8568686591719221 0.802310654685494230
83 0.75424 0.753693096171239 0.8585754516106876 0.802722835859234530
84 0.75448 0.7574380415681997 0.8541168431841476 0.802877513006615830
85 0.75352 0.748996344897837 0.8636771920127133 0.802259161799627830
86 0.75152 0.7524228014205743 0.8562230289745874 0.800973984364987930
87 0.75308 0.7525586995785671 0.8583396278239374 0.801976069034100130
88 0.75464 0.7524228014205743 0.8608222574202878 0.802980664225605530
89 0.75244 0.7472947928498834 0.864334116996266 0.801564654205008130
90 0.7517199999999999 0.7464023407177405 0.8644536652835408 0.801102316787900230
91 0.75344 0.7480102926216264 0.8648723448419013 0.802207675523039530
92 0.75412 0.7480998264408403 0.8657708823936834 0.802645519632709530
93 0.7548 0.7533751205400193 0.8598156555234557 0.803083841953099930
94 0.75444 0.7485926458258474 0.8655910255522471 0.802851729342624930
95 0.75396 0.7523775129408932 0.8598748022287955 0.802542454495842830
96 0.75448 0.7483685565467282 0.8659508139937652 0.802877513006615730
97 0.75344 0.7469821919445441 0.8662508662508662 0.802207675523039330
98 0.75348 0.7461350205933266 0.8674531575294934 0.802233417835253430
99 0.7538 0.7475182394450425 0.8660708099494214 0.802439415824105330
100 0.75348 0.7476523715533225 0.8654112434228746 0.802233417835253430
