1 0.5791999999999999 0.7144081842601588 0.6935582311490873 0.703828828828828840
2 0.5898399999999999 0.7455120176537245 0.6761508086763672 0.709139388438191440
3 0.52888 0.7695148978084215 0.6087464692704783 0.679754200880961440
4 0.5824400000000001 0.7604794062176796 0.6578254920534681 0.705437512345156540
5 0.53832 0.7685213648939441 0.6164620012822409 0.684144272344151940
6 0.54444 0.7717955050629786 0.619026395285495 0.687020802989914640
7 0.5384800000000001 0.7741376107016783 0.6130155460742485 0.684219169084241140
8 0.53552 0.771033802121885 0.6127450980392157 0.682836228558942440
9 0.54876 0.7747133560582584 0.6204705648764023 0.689065902262892340
10 0.56688 0.7793503335619427 0.6316640557885694 0.697778273975661540
11 0.56576 0.7702261383942326 0.6368777704183013 0.697233377956269540
12 0.5522400000000001 0.7478312892611427 0.6417167205708711 0.690722219152345740
13 0.53956 0.7764939744067586 0.6123548718953608 0.684725151324258440
14 0.5462400000000001 0.7744733581164808 0.6186893684418927 0.68787145058331540
15 0.56184 0.7506605813115542 0.6476012848409491 0.695332925404683840
16 0.56644 0.7650407001652488 0.6410256410256411 0.697564106141354440
17 0.55464 0.7717002099024571 0.6270064205457464 0.691869153705651240
18 0.55816 0.774857426233573 0.6276991061564728 0.693558231149087240
19 0.59144 0.7566585956416465 0.6686637423772334 0.709944908275117940
20 0.57516 0.7591861524445794 0.6525370641052411 0.701833188287807740
21 0.54844 0.7756748371082842 0.6196093982353524 0.688913995976742240
22 0.5284800000000001 0.7724632307502163 0.6066194312336213 0.679569424812438940
23 0.5441199999999999 0.7655560999510044 0.6228511634859734 0.68686979696128840
24 0.5616399999999999 0.7715573112770817 0.6326551270371495 0.695236241274785140
25 0.7468 0.7560179025039313 0.8448229251148959 0.797957229492499340
26 0.7489600000000001 0.7562008469449486 0.8476875084768751 0.799334953318838740
27 0.75224 0.7666360012266176 0.8395459735375109 0.801436173623132740
29 0.74632 0.7579892062337032 0.8416941620092923 0.797651713355880440
30 0.74664 0.7560636303151274 0.8445375312478887 0.797855364779472840
31 0.7517199999999999 0.76103500761035 0.8456230550669733 0.801102316787900140
32 0.75012 0.7621021826606511 0.8420343550016841 0.800076807373507840
33 0.75288 0.7676718049499478 0.8392077878482712 0.801847456539867840
34 0.75012 0.7636852394916911 0.8401102224611869 0.800076807373507840
35 0.75276 0.7648066568771414 0.8424883736604435 0.80177030884192340
36 0.75224 0.7635452935068108 0.8432840855427376 0.801436173623132640
37 0.75188 0.76447923674393 0.8416374899003501 0.801205012338557240
38 0.7502 0.757346258709482 0.8480325644504749 0.800128020483277440
39 0.75808 0.7654154675157676 0.8493578854386085 0.805204844112342340
40 0.75316 0.7638252367858234 0.8442523301364312 0.80202752558467840
41 0.7492 0.7607108081791626 0.8424315945545222 0.79948832747041940
42 0.75444 0.7650875260129759 0.8445375312478887 0.80285172934262540
43 0.75008 0.7611740348313238 0.843113449345744 0.800051203277009740
44 0.7497199999999999 0.76057195010648 0.843340979624882 0.799820840131810540
45 0.75152 0.7596936915035858 0.8469982382436645 0.800973984364987840
46 0.75236 0.7637318995539806 0.8432271991365353 0.801513257029271240
47 0.75344 0.762660158633313 0.8460809530255855 0.802207675523039540
48 0.75324 0.7584491232328135 0.8510348583877996 0.802078988738810940
49 0.75624 0.7626136294307851 0.8501666326600014 0.804013636071267940
50 0.7516 0.7573003756209863 0.8501088139281828 0.801025312399871840
51 0.75268 0.7616378259809895 0.8462527926342157 0.80171888529006240
52 0.7558 0.7653686015184913 0.846138225140459 0.803729303970422740
53 0.7554 0.7681435506667486 0.8422045546422315 0.803470994697091540
54 0.75396 0.7635919364691509 0.8456802652053311 0.802542454495842840
55 0.75396 0.7659313725490197 0.8428292090890702 0.802542454495842840
57 0.7576 0.7653686015184913 0.8487235198261814 0.804893754024468740
58 0.75532 0.7674361493123772 0.8429428821903028 0.803419352765369540
59 0.75588 0.7657906022177295 0.8457374830852503 0.803780985757000940
60 0.754 0.7643389996331172 0.8448229251148959 0.802568218298555440
61 0.75348 0.7625205880558775 0.8463100880162492 0.802233417835253340
62 0.75496 0.7660721946436232 0.8440813019110001 0.803187046199318940
63 0.7578400000000001 0.7683796410130317 0.8453942918977411 0.805049269015263740
64 0.75536 0.7690414667158854 0.8410711882653747 0.803445172901401340
65 0.75448 0.7622416000975669 0.8480901010923401 0.802877513006615740
66 0.75576 0.7629860220960752 0.8490117503226244 0.803703465569343540
67 0.7542 0.7591400461557148 0.8515566455480619 0.802697062128752640
68 0.75792 0.7633587786259542 0.8516726851536418 0.805101120700760140
69 0.75668 0.7682379693933993 0.8439103429651634 0.804298169417366440
70 0.7548 0.760201909627197 0.8510928031592565 0.803083841953140
71 0.75764 0.7621951219512195 0.8527184664711099 0.80491966901703240
72 0.75588 0.7636385851304295 0.848377901452423 0.80378098575700140
73 0.75736 0.7649938800489596 0.848838788537281 0.804738299105131140
74 0.7562 0.7662130685300969 0.8456802652053311 0.803987779385753340
75 0.7562 0.7638719139574676 0.8485506754463377 0.803987779385753340
76 0.7544 0.7611740348313238 0.8493001766544367 0.80282594733461840
77 0.7576 0.7608960311663014 0.8542919628212138 0.804893754024468840
78 0.75832 0.7628928898382668 0.8528348229514907 0.805360479350557240
79 0.75896 0.7681907571288102 0.8472278704080249 0.805775800941146140
80 0.7565999999999999 0.7614522417153996 0.8521371599972731 0.80424642110342640
81 0.7584 0.7676246622451486 0.8471130387638927 0.805412371134020540
82 0.7582 0.7664009809932557 0.848320325755005 0.805282654211628140
83 0.7582800000000001 0.7701312303616537 0.8439103429651634 0.805334535966240540
84 0.7562 0.7618699335649418 0.8510348583877996 0.803987779385753440
85 0.75652 0.7641988139634407 0.8486082824168364 0.804194679448000740
86 0.75944 0.7702261383942326 0.8454514710855597 0.806087573353969340
87 0.75844 0.7639185968343213 0.8517307168165713 0.805438319533490140
88 0.75556 0.7609423510074876 0.8512666848270226 0.803574298479637540
89 0.75604 0.764525993883792 0.8475150857685266 0.803884369272323940
90 0.7574799999999999 0.763498656242365 0.8508610714042611 0.804816019058043240
91 0.7582800000000001 0.7626136294307851 0.8531258531258531 0.805334535966240440
92 0.75564 0.7616842361830479 0.8504558443325623 0.803625960333022540
93 0.75848 0.7638719139574676 0.8518468038707919 0.805464269605000340
94 0.75816 0.7633587786259542 0.8520209937972871 0.805256715841010140
95 0.75952 0.7649002570064863 0.8520790729379687 0.806139558880433440
96 0.757 0.7618235007313505 0.8522533578782301 0.804505229283990440
97 0.7582 0.7684741177917128 0.8457947087083023 0.805282654211628340
98 0.75816 0.7636385851304295 0.8516726851536418 0.805256715841010140
99 0.75844 0.7642922653622746 0.8512666848270226 0.805438319533490240
100 0.75804 0.7634520246747695 0.8517307168165713 0.805178910753969540
