1 0.7086 0.763498656242365 0.7855212719160435 0.774353414898559740
2 0.7038 0.7707485509927241 0.7722246246988324 0.771485881808362940
3 0.7199599999999999 0.7594629078315815 0.8042722944280015 0.781225586700415540
4 0.71924 0.757621674040851 0.8054123711340206 0.780786408070208340
5 0.71724 0.7580351728320194 0.8023621541819116 0.779569054226823340
6 0.73848 0.7541478129713424 0.8353939717970995 0.79269452723698440
7 0.7368 0.7620557215143571 0.8236146801080583 0.791640278657378240
8 0.7341599999999999 0.7613131128570558 0.8209102252577658 0.789989256146116440
9 0.7414000000000001 0.757529846675959 0.8353381448810479 0.794533608771651140
10 0.73736 0.75642965204236 0.8310617645103384 0.791991383133751440
11 0.73916 0.7472947928498834 0.8449371366770312 0.793122045620380140
12 0.73724 0.7548765022042394 0.832778147901399 0.791916120244543740
13 0.7320800000000001 0.7525586995785671 0.8284729586426299 0.788693292952236840
14 0.74108 0.7557436517533253 0.8370722560771445 0.794331649350236740
15 0.74388 0.7633587786259542 0.8317806760713335 0.796102283221348440
16 0.7434000000000001 0.7618235007313505 0.832944625841274 0.795798185580136940
18 0.7477199999999999 0.7647598654022637 0.835449806175645 0.798543456734915640
19 0.74556 0.7608960311663014 0.8370722560771445 0.797168457638468140
20 0.74316 0.7576675960722512 0.8376331836762045 0.795646223863021640
21 0.74356 0.7561093636583596 0.8401102224611869 0.795899525643882740
22 0.7461599999999999 0.7688049695553232 0.8285278716776032 0.797549926625406740
23 0.7432000000000001 0.757346258709482 0.8380824673147838 0.79567154678548740
24 0.7448 0.7613594834937264 0.835449806175645 0.796685787125557640
25 0.7425999999999999 0.7548309178743962 0.8403361344537815 0.79529187211706740
26 0.74248 0.7521058965102286 0.8435686327439601 0.795215980660347440
27 0.74512 0.7590017608840852 0.8387572971884856 0.796888945556547340
29 0.7414799999999999 0.7589095986886042 0.833778014941302 0.794584114674379440
30 0.74604 0.7589095986886042 0.8401666890711117 0.7974736036237240
31 0.75292 0.7566127958356031 0.8528930131004366 0.801873175738525140
32 0.74672 0.7546486355952668 0.8464247020585048 0.797906293884846240
33 0.74856 0.7535113629513533 0.8505137102810097 0.799079460461548340
34 0.7518 0.7669182158414627 0.8385884878572387 0.801153661272232140
35 0.7465200000000001 0.7575757575757576 0.8424883736604435 0.797778983310463640
36 0.74968 0.7574380415681997 0.8471704506946798 0.799795252415381640
37 0.75348 0.7641988139634407 0.8442523301364312 0.802233417835253340
38 0.75312 0.7646195253241986 0.8432271991365353 0.80200179648402440
39 0.75132 0.7619163720590028 0.8439673215853082 0.800845693051862840
40 0.7501599999999999 0.7608034083992696 0.843682505399568 0.80010241310887840
41 0.75068 0.7621951219512195 0.842715566641947 0.800435436877661540
42 0.74932 0.7611740348313238 0.8420343550016841 0.799565036620078740
43 0.7527200000000001 0.7591861524445794 0.8493578854386085 0.801744596241421540
44 0.7494799999999999 0.7521511522955653 0.8535919147773833 0.799667338387230940
45 0.74988 0.7566127958356031 0.8484930762964974 0.799923207372092340
46 0.74868 0.7544209065121613 0.8495310588555117 0.799156091167726940
47 0.7530399999999999 0.7630325967525333 0.8450513791238508 0.80195034323474740
48 0.75396 0.7681435506667486 0.8401666890711117 0.802542454495842940
49 0.75108 0.7645727567435318 0.8403926314374076 0.800691797713224340
50 0.751 0.7605256753467997 0.8452228007302724 0.80064051240992840
51 0.75256 0.7659783074943317 0.8407883231317683 0.801641762329250240
52 0.7512 0.7582650894752806 0.848320325755005 0.800768737988468940
53 0.7558 0.7640119797078418 0.847802495930548 0.803729303970422740
54 0.75112 0.7562923523717329 0.8506873553831495 0.800717442828774640
55 0.75496 0.7639185968343213 0.8467113730271625 0.803187046199318840
57 0.75168 0.7620092660326749 0.8443663874628479 0.801076647013586340
58 0.75168 0.7635452935068108 0.8424883736604435 0.801076647013586340
59 0.7542 0.7635919364691509 0.8460236886632826 0.802697062128752640
60 0.75348 0.7589095986886042 0.8508031581813231 0.802233417835253440
61 0.75124 0.7538749170737591 0.8539417953272305 0.800794388032928740
62 0.7517199999999999 0.7574380415681997 0.8501088139281828 0.801102316787900240
63 0.75396 0.7569793496033428 0.8539417953272305 0.802542454495842940
64 0.751 0.7568418503269557 0.8498198381943028 0.80064051240992840
65 0.75608 0.7640119797078418 0.8482051978014521 0.803910219306707940
66 0.75588 0.7589095986886042 0.8542919628212138 0.80378098575700140
67 0.7536 0.7576675960722512 0.8525439912699495 0.802310654685494240
68 0.7538400000000001 0.7611276867807343 0.8485506754463377 0.802465173011491240
69 0.75424 0.7635452935068108 0.846138225140459 0.802722835859234540
70 0.75344 0.7579432452097987 0.8519629225736096 0.802207675523039440
71 0.75112 0.7546030787805614 0.8528348229514907 0.800717442828774640
72 0.75488 0.7573921473582161 0.8547592997811816 0.803135440760729840
73 0.75608 0.7614522417153996 0.8513826454161558 0.803910219306707840
74 0.75456 0.7650875260129759 0.8447087444249223 0.802929085303186240
75 0.7542 0.7593245049204228 0.8513246611727848 0.802697062128752640
76 0.75408 0.7603406326034063 0.8498776176230622 0.802619750866829240
77 0.75464 0.7672948253636978 0.8421478137842754 0.802980664225605440
78 0.75332 0.7645727567435318 0.8435686327439601 0.802130458497770240
79 0.75496 0.758587207185338 0.8533588203167668 0.803187046199318940
80 0.7554 0.7674361493123772 0.8430565859580496 0.803470994697091440
81 0.75516 0.7648534540781986 0.845851942076059 0.803316088814626740
82 0.75512 0.76247407588142 0.8487235198261814 0.803290276974487540
83 0.75744 0.7651343575931934 0.8487811502682149 0.804790110739119240
84 0.75336 0.7583570951889825 0.8513246611727848 0.802156195854456740
85 0.75564 0.7597860442499392 0.8528348229514907 0.803625960333022740
86 0.75588 0.7662600380064979 0.8451656524678837 0.80378098575700140
87 0.75752 0.7654154675157676 0.8485506754463377 0.804841929045135640
88 0.7558400000000001 0.7608034083992696 0.8518468038707919 0.803755144032921940
89 0.75476 0.7595090533479159 0.8519048592653172 0.80305804503549540
91 0.7570399999999999 0.7663070132417852 0.8467687305243192 0.804531119263693140
92 0.75544 0.7658375199117755 0.8450513791238508 0.803496818152600140
93 0.7558 0.7654623392529087 0.8460236886632826 0.803729303970422740
94 0.75508 0.7636385851304295 0.8472278704080249 0.80326446679304740
95 0.75412 0.759555204472261 0.8509189925119128 0.802645519632709240
96 0.75592 0.765181194906954 0.8465393471488555 0.803806829142820340
97 0.75752 0.7666830225711482 0.8469982382436645 0.804841929045135540
98 0.75552 0.7602481449945262 0.8520790729379687 0.803548470043713140
99 0.7558 0.7592322643343051 0.8537668192063383 0.803729303970422740
100 0.75592 0.7606182304977486 0.8521952549768202 0.803806829142820440
