1 0.50804 0.8737592618481755 0.5436437176531989 0.670259256280329350
2 0.53 0.7724632307502163 0.6077401789187087 0.680272108843537550
3 0.48956 0.8486082824168364 0.5427467326646693 0.662058737851222250
4 0.52644 0.7852252025881022 0.5975143403441683 0.678628627270012750
5 0.5566 0.7763010806111043 0.6255317019466546 0.692808646251905350
6 0.5312399999999999 0.7711289327575571 0.6094885172363352 0.680846428279637350
7 0.5200400000000001 0.7823256978345224 0.594643451786309 0.675693937673991250
8 0.55648 0.7521058965102286 0.6420793096363263 0.692751052981600650
9 0.53712 0.7688049695553232 0.6153694678284842 0.683583069014546750
10 0.54328 0.7680963500061447 0.6205321683876092 0.6864737217859350
11 0.56864 0.7778953264048789 0.63403499873193 0.698636262016543750
12 0.54864 0.7599246154781446 0.6301991429291656 0.68900892955572750
13 0.52348 0.7753861422988648 0.6011927664486341 0.677268171105030750
14 0.55052 0.7766869640859948 0.6205629747306757 0.689902585754891450
15 0.53704 0.7777017358302744 0.6097263548119604 0.683545688193798950
16 0.5478799999999999 0.7609423510074876 0.6288991748842826 0.688648321075393350
17 0.57084 0.7641520968333537 0.6452945124154664 0.69971171877186650
18 0.54436 0.7709386949549771 0.6195172721415473 0.68698304525844350
19 0.5192399999999999 0.7669652718124923 0.603252738767434 0.675328885167076550
20 0.54252 0.7692307692307693 0.6192103829197008 0.686115761451272150
21 0.5454399999999999 0.7803233660028716 0.6144015728680265 0.687493125068749450
22 0.55176 0.7657436902719922 0.6287093853737049 0.690493288405236750
23 0.5352 0.7604794062176796 0.6193331021156419 0.682687056253413450
24 0.55352 0.7604794062176796 0.6337135614702155 0.691333443946684450
25 0.74672 0.7671064743786438 0.831282835672009 0.797906293884846150
26 0.741 0.7632189522530224 0.8279790686891435 0.794281175536139750
27 0.74464 0.7647130796525143 0.8312275568559649 0.796584246749936250
29 0.7465999999999999 0.7704160246533128 0.8272667107875579 0.79782990266475250
30 0.7464 0.7682379693933993 0.8295175525914128 0.79770261646458250
31 0.75088 0.7744733581164808 0.8284729586426299 0.800563596772127550
32 0.74396 0.762939453125 0.8323899580475461 0.796152988758319750
33 0.7498 0.7621951219512195 0.841467519353753 0.799872020476723750
34 0.7498400000000001 0.7714144655640582 0.8305647840531561 0.799897613105522450
35 0.7448 0.7616378259809895 0.8351149118118654 0.796685787125557750
36 0.7474799999999999 0.7685686178061978 0.8306199747491527 0.798390444863155950
37 0.75048 0.7613131128570558 0.8435117079425063 0.800307318010115950
38 0.75264 0.77557858162189 0.8296276631047985 0.80169317598768650
39 0.756 0.7797392551930634 0.8295175525914128 0.803858520900321550
40 0.75524 0.7687104114138121 0.8412976174451474 0.80336771747164150
41 0.75316 0.7759155803848541 0.8299581701082266 0.80202752558467850
42 0.75116 0.7718431614695894 0.8318913882603487 0.800743089587136850
43 0.75432 0.7697992363591575 0.8387010198604401 0.802774388285916150
44 0.75244 0.7684268764984324 0.8376893177858196 0.801564654205008250
45 0.75092 0.7680963500061447 0.835952651641811 0.800589233675985450
46 0.7524 0.7664009809932557 0.8400537634408602 0.801538954793202950
47 0.75532 0.7724632307502163 0.8369601606963508 0.803419352765369450
48 0.75344 0.7726064651709006 0.8341675008341675 0.802207675523039550
49 0.7530399999999999 0.7676718049499478 0.839433214693439 0.801950343234746950
50 0.75048 0.7659783074943317 0.8378577652657685 0.800307318010115950
51 0.75544 0.7752899584444582 0.8338336335134414 0.803496818152600150
52 0.75244 0.7661661048115231 0.8403926314374076 0.801564654205008150
53 0.75644 0.7760119195430841 0.834390227621654 0.804142944449805350
54 0.7547200000000001 0.7698940625769894 0.8391514500537057 0.80303224977515150
55 0.75512 0.7698466465480076 0.8397715821296607 0.803290276974487450
57 0.75356 0.7704160246533128 0.8369041242635243 0.802284907416321750
58 0.75296 0.7672006383109311 0.8398844319021702 0.801898896587118350
59 0.7542 0.7696570408226094 0.8387010198604401 0.802697062128752550
60 0.75576 0.7731321128154379 0.8367920739054759 0.803703465569343650
61 0.75768 0.774041736330423 0.8384197464618687 0.804945585678408150
62 0.75508 0.7714144655640582 0.8378577652657685 0.80326446679304750
63 0.75516 0.7760600980939965 0.8325562808045824 0.803316088814626950
64 0.75656 0.7732755954222085 0.83774545941961 0.804220549443479450
65 0.75612 0.7690887836091799 0.8420910805712746 0.803936071003633850
66 0.75572 0.7676246622451486 0.8432840855427376 0.80367762882952450
67 0.75544 0.7724632307502163 0.8371283150281275 0.803496818152650
68 0.75424 0.7640586797066015 0.845508658008658 0.802722835859234550
69 0.7554 0.7727497527200792 0.8367360599772408 0.803470994697091550
70 0.7552 0.7676246622451486 0.8425451604205986 0.803341902313624850
71 0.75676 0.7727019842986956 0.8387010198604401 0.80434992439110750
72 0.7572 0.7727019842986956 0.8393204861344256 0.804634695848084950
73 0.75768 0.7744733581164808 0.8379139294811637 0.804945585678408250
74 0.7558400000000001 0.7675303942036105 0.8435686327439601 0.803755144032921850
75 0.75552 0.7680019660850331 0.8425451604205986 0.80354847004371350
76 0.75708 0.7787191627211563 0.8321682977165302 0.804557010909793150
77 0.75696 0.7693728072874992 0.8429428821903028 0.804479340970523950
78 0.7558400000000001 0.7744733581164808 0.8353381448810479 0.803755144032921850
79 0.75976 0.7769766285430134 0.8379139294811637 0.80629555569889750
80 0.75636 0.7719861660079052 0.8389824820457749 0.804091216107555250
81 0.75752 0.7676246622451486 0.845851942076059 0.804841929045135450
82 0.75724 0.7711765068788945 0.8411843876177658 0.804660594161382750
83 0.76036 0.7724154977445468 0.844138303619665 0.806685812009938350
84 0.75832 0.7682379693933993 0.8462527926342157 0.805360479350557350
85 0.75636 0.7712240868706811 0.8398844319021702 0.804091216107555250
86 0.7592 0.7716525711463671 0.843397881384522 0.805931656995486750
87 0.75808 0.7690414667158854 0.8449371366770312 0.805204844112342250
88 0.7578 0.7699889121596649 0.843397881384522 0.805023345677024750
89 0.76068 0.7732755954222085 0.8435686327439601 0.806894103217893750
90 0.75776 0.7709862456053784 0.8421478137842754 0.804997424008243350
91 0.76048 0.771366862079605 0.8455658526686058 0.806763908609784450
92 0.75772 0.7715096901617085 0.841467519353753 0.804971504008758250
93 0.7596 0.7719861660079052 0.8435686327439601 0.806191551112544450
94 0.7610399999999999 0.7735148514851485 0.8437964088024842 0.807128559436947250
95 0.7590399999999999 0.7712240868706811 0.843682505399568 0.805827746260959250
96 0.7594799999999999 0.7693728072874992 0.8465393471488555 0.806113565279076550
97 0.76136 0.774233508826262 0.843397881384522 0.807337079377381550
98 0.7588 0.7714620749243967 0.8430565859580496 0.805671930389945250
99 0.7611600000000001 0.7720338459638071 0.8457374830852503 0.807206741790707550
100 0.7594799999999999 0.7703210698219017 0.8453942918977411 0.806113565279076450
