1 0.66876 0.7468036802485363 0.7556066009792661 0.751179351581983750
2 0.6976 0.7406090769048466 0.7970922076265783 0.767813267813267950
3 0.71716 0.7550132882338729 0.8056719303899452 0.779520439025911350
4 0.72496 0.7656967840735069 0.8038068291428204 0.784289120341322650
5 0.71412 0.7426772027805835 0.8161399843301123 0.777677543783245750
6 0.73712 0.7668711656441718 0.8184913567312729 0.791840871658431650
7 0.73028 0.7658375199117755 0.8105829712729395 0.787575213432882850
8 0.7285200000000001 0.7585411736149038 0.8165665011758557 0.786485041054519150
9 0.73752 0.7669182158414627 0.8189739893860971 0.792091755909004550
10 0.7372799999999999 0.7617770735571943 0.8245926512302922 0.791941206284845550
11 0.73912 0.7512470701364264 0.8398844319021702 0.793096884715436850
12 0.74224 0.7717002099024571 0.8198871835235472 0.795064241190688350
13 0.73532 0.7629860220960752 0.8205330182486543 0.790713856469620750
14 0.7303999999999999 0.7526946468356717 0.8260093834665961 0.787649653434152450
15 0.74576 0.7700363457155178 0.8265555775970376 0.797295573414976450
16 0.73636 0.7640119797078418 0.8207485226526592 0.791364629166534850
18 0.74072 0.7663070132417852 0.8239947264337508 0.794104567689473250
19 0.74132 0.7601556798832401 0.8320575118152167 0.794483109289096650
20 0.7421599999999999 0.7667770825665563 0.8254094030639197 0.795013674235196950
21 0.74724 0.7724154977445468 0.8258456659619451 0.798237491618506350
22 0.7474799999999999 0.7709862456053784 0.8278145695364238 0.798390444863155950
23 0.74228 0.7633121641426478 0.8296276631047985 0.795089527080749250
24 0.74624 0.7687576875768758 0.8286926544683108 0.797600816743236250
25 0.74604 0.7649938800489596 0.8328336331534413 0.7974736036237250
26 0.74868 0.7658844433551866 0.835449806175645 0.799156091167726950
27 0.74516 0.7697044334975369 0.8261185645363822 0.79691434764591550
29 0.74908 0.7652748867393168 0.8367360599772408 0.799411633038083950
30 0.74936 0.7633587786259542 0.839433214693439 0.799590609607880950
31 0.74908 0.7712716727340039 0.8296827293243064 0.79941163303808450
32 0.74856 0.7642455368060651 0.8372404554588078 0.799079460461548450
33 0.7474799999999999 0.761266747868453 0.8393204861344256 0.798390444863155950
34 0.75264 0.7695148978084215 0.8366800535475234 0.80169317598768650
35 0.7478 0.7711289327575571 0.8280887711162637 0.798594473726241850
36 0.7504 0.7696096539834996 0.8334444592612348 0.800256081946222850
37 0.74856 0.7763492950748401 0.8231807704972012 0.799079460461548250
38 0.75176 0.767860433687573 0.837408722449253 0.801127988207396150
39 0.75192 0.7719861660079052 0.832778147901399 0.801230690340362850
40 0.74936 0.7696570408226094 0.831946755407654 0.799590609607880850
41 0.749 0.7677661077329402 0.8336668000533547 0.799360511590727350
42 0.7502 0.7714620749243967 0.8310065150910784 0.800128020483277250
43 0.74832 0.7646195253241986 0.836456102783726 0.798926243129234350
44 0.75168 0.7707960781895542 0.8338336335134414 0.801076647013586350
45 0.7497199999999999 0.7680963500061447 0.834278849362611 0.799820840131810550
46 0.75316 0.7743774005699418 0.8317253310266818 0.80202752558467850
47 0.75152 0.7674832688647387 0.8375209380234506 0.800973984364987850
48 0.75164 0.7677661077329402 0.837352625937835 0.801050978884296250
49 0.749 0.76247407588142 0.8399973120086016 0.799360511590727550
50 0.75348 0.7763492950748401 0.8299030673217368 0.802233417835253450
51 0.75592 0.7716525711463671 0.8387572971884856 0.803806829142820450
52 0.75108 0.7684268764984324 0.8357849692431132 0.800691797713224450
53 0.75372 0.7729886834456744 0.8341118377152008 0.802387906409474550
54 0.75256 0.7680019660850331 0.8383635144198525 0.801641762329250350
55 0.75832 0.7746653445711452 0.8385884878572387 0.805360479350557350
57 0.751 0.7666360012266176 0.8378016085790885 0.80064051240992850
58 0.75208 0.7637318995539806 0.8428292090890702 0.801333418808898250
59 0.7525999999999999 0.7613594834937264 0.8464820207218798 0.80166746833413550
60 0.75692 0.7725587144622992 0.8390951198227831 0.804453454323132850
61 0.7534 0.7715573112770817 0.8353381448810479 0.802181934862826950
62 0.75376 0.766447973511558 0.8419209267865562 0.802413660290152750
63 0.75564 0.7636852394916911 0.8479750356149515 0.803625960333022650
64 0.75684 0.769941484447182 0.8420910805712746 0.804401686025933950
65 0.7587200000000001 0.7717478545409644 0.8426019548365352 0.805620005155968150
66 0.75576 0.7726542217826678 0.837352625937835 0.803703465569343550
67 0.75912 0.7724154977445468 0.8423748231012872 0.80587969827864150
68 0.757 0.7714144655640582 0.8405621679779437 0.804505229283990550
69 0.75688 0.7691834348655467 0.8430565859580496 0.804427569341656650
70 0.7574 0.7690414667158854 0.8439673215853082 0.804764204088202350
71 0.75968 0.7773148436042535 0.837408722449253 0.806243550051599650
72 0.75696 0.7743774005699418 0.8370162046337217 0.804479340970523950
73 0.75768 0.7670594010800197 0.8467687305243192 0.804945585678408350
74 0.75608 0.7709386949549771 0.8398280032249396 0.803910219306707750
75 0.75612 0.7645727567435318 0.8475725522104692 0.803936071003633850
76 0.75864 0.7727019842986956 0.8413542437908057 0.805568086614680750
77 0.75728 0.7697992363591575 0.8428860418071477 0.804686494141882450
78 0.75832 0.7691361063253753 0.8451656524678837 0.805360479350557250
79 0.75896 0.7707960781895542 0.8440813019110001 0.805775800941146250
80 0.76036 0.7794475275924425 0.8358967500334359 0.806685812009938450
81 0.75976 0.7703210698219017 0.8457947087083023 0.80629555569889750
82 0.75508 0.7696096539834996 0.8399973120086016 0.80326446679304750
83 0.75764 0.7680963500061447 0.8454514710855597 0.80491966901703250
84 0.7587200000000001 0.7701312303616537 0.8445375312478887 0.805620005155968150
85 0.75752 0.7716525711463671 0.8410146000134562 0.804841929045135550
86 0.7576 0.7725109696557692 0.8401102224611869 0.804893754024468850
87 0.7572 0.7662600380064979 0.8470556346140814 0.80463469584808550
88 0.75968 0.7685213648939441 0.847860001356576 0.806243550051599550
89 0.7602800000000001 0.7691834348655467 0.8479175145841813 0.806633756009421450
91 0.7582 0.7711289327575571 0.8426019548365352 0.805282654211628350
92 0.7570399999999999 0.7696096539834996 0.8427723840345199 0.80453111926369350
93 0.75864 0.7704160246533128 0.8440813019110001 0.805568086614680650
94 0.75952 0.7729886834456744 0.8422613031466882 0.806139558880433450
95 0.75732 0.7693254554406697 0.8435117079425063 0.804712395789744850
96 0.75716 0.7688049695553232 0.8439103429651634 0.804608799201828250
97 0.761 0.7712716727340039 0.8464247020585048 0.807102502017756450
98 0.75924 0.7697044334975369 0.8457947087083023 0.805957638866501150
99 0.76048 0.7709862456053784 0.8460236886632826 0.806763908609784450
100 0.75856 0.7695622729791295 0.8449942540390726 0.805516174764789350
