25 0.7445999999999999 0.7681907571288102 0.8271024945411235 0.796558865700175360
26 0.7480800000000001 0.7695148978084215 0.8303440945927992 0.798773084542143260
27 0.7434000000000001 0.7626136294307851 0.8320021299254526 0.795798185580136960
29 0.75188 0.7753861422988648 0.8288025460814216 0.801205012338557260
30 0.75452 0.7786221502429301 0.8287475966319697 0.802903298326749460
31 0.7482800000000001 0.7681907571288102 0.8321682977165302 0.798900712619435760
32 0.75064 0.7756267063787541 0.8268289456277286 0.800409809822629260
33 0.74716 0.7706060045619876 0.8278145695364238 0.798186520226046460
34 0.7494799999999999 0.7688049695553232 0.8331111703545722 0.799667338387230960
35 0.74596 0.7655092167309694 0.8321129010784183 0.797422729737488460
36 0.74676 0.7734669884289338 0.8239947264337508 0.797931760875809960
37 0.7568 0.7813476684585573 0.8288025460814216 0.804375804375804460
38 0.75252 0.7704160246533128 0.835449806175645 0.801616057972873460
39 0.74884 0.7728453072832941 0.8275405494869249 0.799258288308449860
40 0.7518 0.773323434793368 0.8310617645103384 0.80115366127223260
41 0.75152 0.7720815318097591 0.8321129010784183 0.800973984364987860
42 0.74888 0.7705585008013809 0.8302337938363443 0.799283841677856760
43 0.7494799999999999 0.7695622729791295 0.8322237017310253 0.79966733838723160
44 0.75724 0.7769283361302753 0.8344459279038718 0.804660594161382860
45 0.75336 0.7762528721356269 0.8298479718515568 0.802156195854456660
46 0.75096 0.7757711164897908 0.8271024945411235 0.800614872221866460
47 0.75468 0.7707960781895542 0.8380262805041566 0.803006456171907760
48 0.75076 0.7684741177917128 0.835282325425994 0.800486695911114160
49 0.75796 0.7766869640859948 0.8357290900581668 0.805127049048339860
50 0.7558400000000001 0.7736584762022652 0.8362882183715796 0.803755144032921760
51 0.75192 0.7723200494284832 0.8323899580475461 0.801230690340362860
52 0.75632 0.7745693394472674 0.8358967500334359 0.804065354432008260
53 0.75572 0.7744253763707329 0.8352265134304423 0.803677628829523960
54 0.7565999999999999 0.7760600980939965 0.8345573507811457 0.804246421103426160
55 0.75492 0.7683324113344397 0.8412976174451474 0.803161242651074660
57 0.75772 0.7720338459638071 0.8408448809363649 0.804971504008758260
58 0.75692 0.7704635108481263 0.8415808254224736 0.804453454323132960
59 0.7534 0.7783797247649293 0.8274857672448034 0.80218193486282760
60 0.75328 0.7700363457155178 0.8369601606963508 0.802104722792607960
61 0.75508 0.7712240868706811 0.8380824673147838 0.80326446679304760
62 0.759 0.7738500588126045 0.8405056481979559 0.805801772763900160
63 0.7538 0.7700363457155178 0.8376893177858196 0.802439415824105460
64 0.7576 0.7767834949043003 0.8351149118118654 0.804893754024468760
65 0.7556 0.7693254554406697 0.8410711882653747 0.803600128576020660
66 0.75636 0.7741855567942525 0.8364001338240215 0.804091216107555360
67 0.7587200000000001 0.773706362961129 0.8402796450658779 0.80562000515596860
68 0.75664 0.7723677706376668 0.8389261744966443 0.804272294428001560
69 0.75888 0.7750496031746031 0.8389261744966443 0.805723862317906460
70 0.7607200000000001 0.7803233660028716 0.8353939717970995 0.806920147182234760
71 0.75712 0.7733712800841428 0.8384197464618687 0.804582904222451260
72 0.75684 0.7738979692917286 0.837408722449253 0.804401686025933960
73 0.7587200000000001 0.7795933641012848 0.8334444592612348 0.80562000515596860
74 0.75644 0.779836546259904 0.8300132802124834 0.804142944449805460
75 0.75536 0.7757711164897908 0.8331666999933347 0.803445172901401260
76 0.75984 0.7729886834456744 0.842715566641947 0.806347568055734860
77 0.75788 0.7736584762022652 0.8391514500537057 0.805075194023121860
78 0.75844 0.7790588968526021 0.8336668000533547 0.805438319533490260
79 0.75712 0.7728453072832941 0.8390387971539804 0.80458290422245160
80 0.75928 0.7752418754651451 0.8392641332080032 0.805983622412792460
81 0.7578 0.7736105953707142 0.8390951198227831 0.805023345677024560
82 0.75892 0.7754823500217135 0.8384759860477596 0.805749830792535660
83 0.75936 0.7749054615336929 0.8397715821296607 0.806035594531854560
84 0.76108 0.7762528721356269 0.8406186953597848 0.807154618538727360
85 0.75912 0.7718431614695894 0.8430565859580496 0.80587969827864160
86 0.75952 0.7765422128346897 0.8380824673147838 0.806139558880433360
87 0.7596 0.7772181806876827 0.837408722449253 0.806191551112544460
88 0.7591600000000001 0.7736584762022652 0.8409580193756727 0.805905676799587260
89 0.7576 0.7748093968883655 0.837408722449253 0.804893754024468860
90 0.7616 0.7752899584444582 0.8424883736604435 0.807493540051679660
91 0.7594 0.774857426233573 0.8398844319021702 0.806061583104949260
92 0.759 0.7795933641012848 0.8338336335134414 0.805801772763900160
93 0.7596 0.7764939744067586 0.8382510729613734 0.806191551112544360
94 0.7608 0.7756748371082842 0.8409014463504877 0.806972240154938760
95 0.76004 0.775819265143992 0.8396587626788473 0.806477628310590760
96 0.7611600000000001 0.7736584762022652 0.8437964088024842 0.807206741790707560
97 0.76236 0.7778469197261979 0.8405621679779437 0.807989399179082960
98 0.75836 0.7768800497203232 0.8360644772924888 0.805386424406430260
99 0.7608 0.7753861422988648 0.8412409987213136 0.806972240154938760
100 0.7604 0.7757229738115924 0.8402796450658779 0.806711842529848460
