1 0.65608 0.8177417244537485 0.6826124945391 0.744091910232751960
2 0.69828 0.7701786814540974 0.7662600380064979 0.76821436253572260
3 0.7252000000000001 0.7787191627211563 0.7902389682640031 0.784436774395983760
4 0.72604 0.7666360012266176 0.8041688111168297 0.784954001695500660
5 0.7156 0.7490861149397735 0.8104778577449264 0.778573653067580360
6 0.7196 0.7641053854147564 0.7986710114369688 0.781005935645110860
7 0.72264 0.7539203860072377 0.814120098997004 0.782864658357863160
8 0.73192 0.779690618762475 0.797702616464582 0.788593779572266760
9 0.741 0.7823746635788946 0.8065556846044651 0.794281175536139660
10 0.72824 0.7613594834937264 0.812955254942768 0.78631188274517260
11 0.7452799999999999 0.7744253763707329 0.8209102252577658 0.796990563631726660
12 0.74152 0.7664949717929851 0.8248647221855616 0.794609370033691460
13 0.7332000000000001 0.760201909627197 0.8209102252577658 0.789390590464161760
14 0.7348 0.7722246246988324 0.8094282199054588 0.790388871324691860
15 0.73944 0.7828156312625251 0.8040653544320082 0.79329821666560960
16 0.73436 0.7637785653183429 0.8183306055646481 0.790114092474953360
18 0.74056 0.7647598654022637 0.8255729476256523 0.794003684177094760
19 0.7422 0.7654154675157676 0.8270477702792113 0.795038956908888660
20 0.74468 0.7726542217826678 0.8220979940808945 0.796609629417200560
21 0.74432 0.7735148514851485 0.820640756302521 0.7963812436289560
22 0.74596 0.7766387076731904 0.819349764027268 0.797422729737488560
23 0.7434000000000001 0.7753380473886614 0.8173674230039888 0.795798185580136860
24 0.74508 0.781201174926567 0.8131667967733541 0.796863545086539460
25 0.74824 0.776156473144986 0.8229639870959247 0.798875183741292260
26 0.7452799999999999 0.7724154977445468 0.8231807704972012 0.796990563631726660
27 0.7462 0.7667300496841072 0.8310065150910784 0.797575370872547560
28 0.74788 0.781054736315921 0.8170468658082227 0.798645497236686760
29 0.7482800000000001 0.7781374501992032 0.820802416442314 0.798900712619435660
30 0.74532 0.7688995509626623 0.8272667107875579 0.797015972200082960
31 0.7501599999999999 0.7751937984496124 0.8266649031148734 0.80010241310887860
32 0.74672 0.7736105953707142 0.8237775141689733 0.797906293884846160
33 0.74844 0.7694675284702985 0.8308960382876894 0.799002844450126360
34 0.75056 0.7764939744067586 0.8257365570088518 0.800358560635164660
35 0.74776 0.7672006383109311 0.8326117364950376 0.79856896441576760
36 0.7485200000000001 0.7867573011077543 0.8117410221442951 0.799053920158532360
37 0.75092 0.7797392551930634 0.8225848907607265 0.800589233675985760
38 0.75192 0.777363184079602 0.8266102367411718 0.801230690340362960
39 0.74752 0.7715573112770817 0.8272119647938588 0.798415942769545260
40 0.7458 0.7763492950748401 0.8194571915563131 0.797321001435177860
41 0.75056 0.7790588968526021 0.8228556382068329 0.800358560635164660
42 0.75012 0.775819265143992 0.8259002312520648 0.800076807373507860
43 0.74968 0.773754255648406 0.8276501357346222 0.799795252415381560
44 0.7525999999999999 0.7754342431761787 0.829737802854298 0.80166746833413560
45 0.75492 0.7766387076731904 0.8315593400745077 0.803161242651074660
46 0.753 0.7758674197753088 0.8297928836962294 0.801924619085805960
47 0.7517199999999999 0.777121541809139 0.8266102367411718 0.801102316787900160
48 0.7492 0.7734191312956318 0.8273762245168123 0.799488327470418960
49 0.7522 0.7768800497203232 0.8275405494869249 0.801410482449110560
50 0.7502 0.7781374501992032 0.8233976681378038 0.800128020483277460
51 0.75116 0.7741376107016783 0.8292424041395781 0.800743089587136960
52 0.75284 0.776156473144986 0.8292424041395781 0.801821738990987460
53 0.74928 0.7688995509626623 0.8327226700419692 0.799539465268005760
54 0.7502 0.7709862456053784 0.8315593400745077 0.800128020483277460
55 0.751 0.7746173390345169 0.8284729586426299 0.800640512409927860
57 0.75372 0.7720815318097591 0.8351707088928977 0.802387906409474560
58 0.7534 0.7765904572564613 0.8295175525914128 0.802181934862826960
59 0.75348 0.781201174926567 0.8244294947896056 0.802233417835253460
60 0.75484 0.7770249269596569 0.8310065150910784 0.803109640528125160
61 0.7525999999999999 0.7785251619332337 0.8262277744728667 0.80166746833413560
62 0.75516 0.7736105953707142 0.8353939717970995 0.803316088814626860
63 0.7544 0.7759637469737414 0.8316146630297385 0.80282594733461860
64 0.75756 0.7828156312625251 0.8281985026171073 0.804867840700557160
65 0.75356 0.7784766768387619 0.8275953389830508 0.802284907416321660
66 0.7538 0.7786706534604124 0.8277049397430803 0.802439415824105260
67 0.7598 0.7786221502429301 0.8360644772924888 0.80632156103854260
68 0.75712 0.7772181806876827 0.8339448929214758 0.804582904222451260
69 0.7542800000000001 0.7784281977830365 0.8286377195889957 0.802748611244902660
70 0.75372 0.7786221502429301 0.8276501357346222 0.802387906409474560
71 0.7541599999999999 0.7791560182010846 0.8276501357346222 0.802671290053297360
72 0.75444 0.7770249269596569 0.8304544246611746 0.802851729342624960
73 0.75564 0.7770732313813253 0.8320575118152167 0.803625960333022660
74 0.75552 0.7856200113129281 0.822314321426222 0.80354847004371360
75 0.75552 0.7774115305678214 0.8315040244794785 0.803548470043713160
76 0.75728 0.7773148436042535 0.8340561820244211 0.804686494141882360
77 0.7565999999999999 0.7765422128346897 0.8340005337603416 0.80424642110342660
78 0.75636 0.7765422128346897 0.8336668000533547 0.804091216107555360
79 0.7544 0.7777017358302744 0.8296276631047985 0.802825947334617860
80 0.7562800000000001 0.7833552672808172 0.8258456659619451 0.80403949441996660
81 0.75492 0.775819265143992 0.8325008325008325 0.803161242651074660
82 0.75576 0.7783312577833126 0.8307855908547123 0.803703465569343660
83 0.7562800000000001 0.7765904572564613 0.8335000333400013 0.80403949441996660
84 0.75796 0.7829136915946386 0.8286377195889957 0.805127049048339960
85 0.75752 0.7794475275924425 0.831946755407654 0.804841929045135660
86 0.75956 0.7804208028969221 0.8336668000533547 0.806165554158201960
87 0.75816 0.7803233660028716 0.8318360284820656 0.8052567158410160
88 0.75876 0.7794475275924425 0.8336668000533547 0.805645966936289660
89 0.75888 0.7813476684585573 0.83166999334664 0.805723862317906460
91 0.75684 0.7800798801797304 0.8302889405513119 0.80440168602593460
92 0.7552 0.7751937984496124 0.8336112037345782 0.803341902313624860
93 0.7602800000000001 0.7804695304695305 0.8346130733791814 0.806633756009421660
94 0.75996 0.7803233660028716 0.8343345347750634 0.806425599174220160
95 0.7614799999999999 0.7815919464765835 0.8350033400133601 0.807415302134806160
96 0.75972 0.7787676780262912 0.8357849692431132 0.806269552036636960
97 0.75888 0.7801772562726251 0.8330001332800213 0.805723862317906460
98 0.75968 0.7787676780262912 0.8357290900581668 0.806243550051599560
99 0.75936 0.7804208028969221 0.8333888925928395 0.806035594531854660
100 0.75972 0.779690618762475 0.8347245409015025 0.80626955203663760
