1 0.5378000000000001 0.8015389547932029 0.5963740458015268 0.683900971139379170
2 0.50136 0.705736224028907 0.6327832337754379 0.667271659638071970
3 0.54688 0.7943568886629385 0.607031857031857 0.688174410922704370
4 0.56116 0.7762046696472926 0.6291840740927166 0.69500430902671670
5 0.529 0.7649470656630561 0.6117255554468043 0.679809653297076870
6 0.5220400000000001 0.7832570963092925 0.5955216769890423 0.676608297924165870
7 0.57196 0.7719384919409621 0.6407627639942588 0.700260496904848670
8 0.54408 0.7893905904641617 0.6078879540923017 0.68685092587504870
9 0.56496 0.7919913831337515 0.6221072015129647 0.696844687256104470
10 0.56772 0.788295390048559 0.6265664160401002 0.698187505236406370
11 0.5526 0.7764939744067586 0.622293025339772 0.69089401685781470
12 0.5393600000000001 0.7748093968883655 0.6132561448265712 0.684631394457224370
13 0.52044 0.7734669884289338 0.6001536393316689 0.675876611965719570
14 0.5481199999999999 0.7569793496033428 0.6318236959158916 0.688762156652064970
15 0.54148 0.7883451059535822 0.606589993691464 0.685626525519019370
16 0.52572 0.7841415218618656 0.5976286096768024 0.678297202702336170
17 0.56516 0.7688522573502276 0.6373323815836435 0.69694181929692570
18 0.56872 0.7721769211761799 0.637950392977442 0.698675311609188970
19 0.5598799999999999 0.7815430786544955 0.6247188765055725 0.694386578896203170
20 0.56928 0.7730364873222016 0.6378201857332381 0.698948781033325970
21 0.5349200000000001 0.7764939744067586 0.608894734278338 0.682556583940808670
22 0.55416 0.774233508826262 0.6249687515624219 0.691639462181154470
23 0.56428 0.7886435331230284 0.6236591328643417 0.696514640737748470
24 0.5529999999999999 0.7631723548446181 0.6314406950899172 0.69108500345542570
25 0.74432 0.7823256978345224 0.8109510834306475 0.796381243628950170
26 0.736 0.774041736330423 0.809009125622937 0.791139240506329270
27 0.7416400000000001 0.7802746566791511 0.8096379299177408 0.794685145745255770
29 0.74724 0.7854225573358466 0.8114775383017399 0.798237491618506370
30 0.7452 0.7814942169427946 0.8130081300813008 0.796939751354797470
31 0.7472 0.7815430786544955 0.8156074644395146 0.798212005108556970
32 0.75124 0.7841415218618656 0.8181699175284723 0.800794388032928770
33 0.74708 0.7859657947686117 0.8106881120695246 0.798135555342719370
34 0.7454799999999999 0.7874511780269623 0.80702433985409 0.79711762267640270
35 0.74684 0.7822277847309136 0.81438530197407 0.797982699735069670
36 0.74864 0.7795933641012848 0.819672131147541 0.79913054596598970
37 0.75164 0.7885440322987636 0.8139610601028847 0.801050978884296270
38 0.75112 0.7817385866166354 0.820640756302521 0.800717442828774670
39 0.74916 0.7862624229462826 0.8131139009952514 0.799462761024591570
40 0.75444 0.7821788373693761 0.8246470510621454 0.80285172934262570
41 0.75008 0.7854719115244438 0.81518194861093 0.800051203277009670
42 0.74824 0.7813476684585573 0.8172071129707112 0.798875183741292370
43 0.74576 0.7799338616085356 0.8154478439559005 0.797295573414976470
44 0.74988 0.7856200113129281 0.8147568765480381 0.799923207372092270
45 0.75248 0.7827666103074707 0.8213417438727906 0.801590355264845570
46 0.75396 0.7817385866166354 0.8244838730954422 0.802542454495842870
47 0.7550399999999999 0.7822767382189123 0.8253549026081215 0.803238658270145370
48 0.7568 0.7808595702148926 0.8293524416135881 0.804375804375804670
49 0.75192 0.7884445565787814 0.8144383633046651 0.801230690340362970
50 0.7514000000000001 0.7866582756450597 0.8156606851549756 0.800897004645202670
51 0.753 0.785175879396985 0.8194034742707309 0.80192461908580670
52 0.75268 0.7856200113129281 0.8184913567312729 0.80171888529006270
53 0.75252 0.783846491503104 0.8202099737532809 0.801616057972873370
54 0.75108 0.7861635220125787 0.8157671474254389 0.800691797713224370
55 0.75192 0.7900391859436228 0.812743823146944 0.801230690340362970
57 0.7536 0.7862129693691428 0.8190813183932901 0.802310654685494270
58 0.75364 0.7866582756450597 0.8186521710655577 0.802336403607304470
59 0.7512 0.7826195842724768 0.8197796432318992 0.80076873798846970
60 0.75412 0.7874015748031497 0.8184913567312729 0.802645519632709570
61 0.75368 0.7866582756450597 0.8187057898873461 0.802362154181911570
62 0.75568 0.7839939789262419 0.8243207596940121 0.803651793750803670
63 0.7558400000000001 0.786460299484082 0.821827744904668 0.803755144032921870
64 0.75404 0.7896399241945673 0.8159801553626216 0.802593983755497770
65 0.75324 0.7862129693691428 0.8185985592665357 0.802078988738810970
66 0.75668 0.7877985756601752 0.8215036803364879 0.804298169417366470
67 0.75556 0.7830608281651319 0.8251914444151043 0.803574298479637570
68 0.75564 0.7845352413230402 0.8236689509752241 0.803625960333022670
69 0.75612 0.7840431537351816 0.8248647221855616 0.803936071003633870
70 0.75676 0.7895900448487145 0.819672131147541 0.804349924391107170
71 0.7545999999999999 0.7851265624018592 0.8216116734586565 0.802954873936084970
72 0.7568 0.7895401718039414 0.8197796432318992 0.804375804375804470
73 0.75288 0.7851265624018592 0.8192960608245395 0.801847456539867970
74 0.755 0.788494291301331 0.8184913567312729 0.803212851405622570
75 0.75744 0.7849786485807586 0.8256274768824307 0.804790110739119170
76 0.75808 0.7860152172546061 0.8253549026081215 0.805204844112342270
77 0.75736 0.7828156312625251 0.8279242283746192 0.804738299105131170
78 0.7572 0.7834534628643058 0.8269930532583526 0.804634695848084970
79 0.7564 0.7863613487669854 0.82269316835593 0.804117079446767570
80 0.76008 0.7897896000505465 0.8239404126293587 0.806503645396477270
81 0.75608 0.7836008024072216 0.8253004093490031 0.803910219306707870
82 0.7574 0.7841415218618656 0.8265009256810367 0.804764204088202270
83 0.7574 0.783846491503104 0.8268289456277286 0.804764204088202270
84 0.7552 0.7842399146746973 0.8233976681378038 0.803341902313624870
85 0.75984 0.7885440322987636 0.824973600844773 0.806347568055734870
86 0.7576 0.7857681669600202 0.824973600844773 0.804893754024468970
87 0.75684 0.7857681669600202 0.8239404126293587 0.804401686025933970
88 0.7585999999999999 0.7847815168257157 0.827430992255246 0.805542129853391470
89 0.7578400000000001 0.7912894853453187 0.8192960608245395 0.805049269015263970
90 0.76084 0.7868068231887707 0.8282533792737874 0.80699828916362770
91 0.76044 0.7898395046126627 0.8243751236562685 0.806737874729742870
92 0.761 0.7915400202634245 0.8232892050319436 0.807102502017756270
93 0.7582800000000001 0.7887430590610802 0.8226390259953932 0.805334535966240470
94 0.7614799999999999 0.7862624229462826 0.829737802854298 0.80741530213480670
95 0.75656 0.7865097841817152 0.8227473178437438 0.804220549443479370
96 0.76008 0.7923427991886409 0.8211798712389962 0.806503645396477170
97 0.75572 0.7840923347133358 0.8242664029014177 0.803677628829523970
98 0.75956 0.7858669684395826 0.8275405494869249 0.80616555415820270
99 0.76 0.7876496534341525 0.8261731658955717 0.806451612903225970
100 0.7596 0.785175879396985 0.828363154406892 0.806191551112544570
