1 0.71696 0.7720338459638071 0.7869058860560277 0.779398927547075770
2 0.69736 0.7152257252388854 0.8284180528862085 0.767671804949947870
3 0.70452 0.764525993883792 0.7794475275924425 0.771914657115509370
4 0.7036 0.7562923523717329 0.7870545271376401 0.77136686207960570
5 0.7214400000000001 0.7762046696472926 0.7881462799495587 0.782129896133149970
6 0.72116 0.7620092660326749 0.8029806642256054 0.781958650026586670
7 0.72628 0.7869554268446235 0.7832570963092925 0.785101906227428470
8 0.73304 0.7713192644699494 0.8081199896560641 0.789290901054492670
9 0.7356 0.7776049766718507 0.804634695848085 0.790888959190129770
10 0.72804 0.762660158633313 0.8112142254526575 0.78618824491336270
11 0.7363999999999999 0.7658844433551866 0.8186521710655577 0.791389680278569270
12 0.738 0.7805182641273806 0.804634695848085 0.792393026941362870
13 0.7328399999999999 0.7705110028971214 0.8087474120082816 0.789166324694592670
15 0.7306 0.7758674197753088 0.8000512032770097 0.787773751378604270
16 0.7381599999999999 0.7681907571288102 0.8183841822705251 0.792493501553287270
18 0.74204 0.7841907151819323 0.8059836224127925 0.794937835861235770
19 0.74532 0.7787191627211563 0.8161932745674175 0.79701597220008370
20 0.7405999999999999 0.7784766768387619 0.810215193155302 0.794028902652056570
21 0.73944 0.7711765068788945 0.8167265599477295 0.79329821666560970
22 0.73988 0.7768800497203232 0.8110036981768637 0.793575215058883370
23 0.73392 0.7680019660850331 0.812955254942768 0.789839504612662770
24 0.7432799999999999 0.779836546259904 0.8122685034765091 0.795722197466420570
25 0.75056 0.7818363772829622 0.8197796432318992 0.800358560635164670
26 0.74888 0.7801772562726251 0.819349764027268 0.799283841677856770
27 0.74588 0.7784766768387619 0.8172071129707112 0.797371862341721670
29 0.7490399999999999 0.7794475275924425 0.8203714641989893 0.799386071497090370
30 0.74692 0.7805182641273806 0.8163531870428422 0.798033645098477470
31 0.75052 0.7786706534604124 0.8232349841938883 0.800332938502416970
32 0.7494000000000001 0.7841907151819323 0.8156606851549756 0.79961618423156970
33 0.7454000000000001 0.778816199376947 0.8161932745674175 0.797066794197353770
34 0.7445999999999999 0.7799825283913641 0.8138550686893677 0.796558865700175370
35 0.74872 0.781934192418366 0.8172071129707112 0.799181638002685370
36 0.7457199999999999 0.773706362961129 0.822314321426222 0.797270147016615170
37 0.75196 0.7850279469949131 0.8181699175284723 0.801256369988141470
38 0.74768 0.777992157839049 0.8201561577324322 0.798517950683531470
39 0.7541599999999999 0.7823256978345224 0.8241033755274262 0.802671290053297370
40 0.74648 0.7821788373693761 0.8139610601028847 0.797753526070585370
41 0.75012 0.7816408204102051 0.8194034742707309 0.800076807373507870
42 0.75068 0.7783797247649293 0.8237775141689733 0.800435436877661570
43 0.74592 0.7781374501992032 0.8176347462061748 0.797397295228374870
44 0.75392 0.7811035430856714 0.8251369727374744 0.802516692347200870
45 0.7488 0.7853732093490827 0.8135902108825827 0.7992327365728970
46 0.7522 0.7791560182010846 0.824973600844773 0.801410482449110470
47 0.7538400000000001 0.7850772516015576 0.820640756302521 0.802465173011491270
48 0.75376 0.7851265624018592 0.8204791598293404 0.802413660290152870
49 0.7527200000000001 0.7815919464765835 0.8229639870959247 0.801744596241421270
50 0.7517199999999999 0.7784281977830365 0.8251369727374744 0.801102316787900270
51 0.7522 0.779836546259904 0.8242120532770671 0.801410482449110470
52 0.749 0.7780890133831311 0.821827744904668 0.799360511590727470
53 0.7528 0.7887928314507477 0.8152351138068219 0.801796023091725570
54 0.75508 0.7816408204102051 0.8261185645363822 0.80326446679304770
55 0.751 0.7842399146746973 0.8177417244537485 0.80064051240992870
57 0.7544 0.7811035430856714 0.8257911078813504 0.80282594733461870
58 0.75288 0.781054736315921 0.8237775141689733 0.801847456539867970
59 0.75376 0.7775082415873609 0.8289674381590291 0.802413660290152770
60 0.75732 0.7873519778281683 0.8228556382068329 0.804712395789744770
61 0.7530399999999999 0.7791560182010846 0.8261185645363822 0.801950343234746970
62 0.7550399999999999 0.7877489286614571 0.819349764027268 0.803238658270145370
63 0.75076 0.7818852817914556 0.819994752033587 0.80048669591111470
64 0.75084 0.7804695304695305 0.8216656806678498 0.800537961510134870
65 0.75484 0.7850279469949131 0.8220439300276207 0.80310964052812570
66 0.75332 0.7881462799495587 0.8166198471287646 0.802130458497770270
67 0.7558400000000001 0.785323867562983 0.8230723645222888 0.803755144032921870
68 0.75612 0.7856693903205532 0.8230723645222888 0.803936071003633870
69 0.75552 0.7846829880728186 0.8233434330127782 0.80354847004371370
70 0.75636 0.781445361340335 0.8280887711162637 0.804091216107555270
71 0.759 0.7854719115244438 0.8272119647938588 0.805801772763900170
72 0.75388 0.7806645016237822 0.8255729476256523 0.802490931852470170
73 0.75676 0.7824236354531797 0.8275405494869249 0.80434992439110770
74 0.7561599999999999 0.7824236354531797 0.8267195767195767 0.803961924363262270
75 0.75536 0.7858669684395826 0.821827744904668 0.803445172901401370
76 0.75756 0.7829627309740056 0.8280339162692104 0.80486784070055770
77 0.75676 0.7791560182010846 0.8312275568559649 0.804349924391107270
78 0.75332 0.7817385866166354 0.8236146801080583 0.802130458497770170
79 0.75644 0.781934192418366 0.8276501357346222 0.804142944449805470
80 0.75624 0.7854225573358466 0.8235061598260754 0.804013636071267970
81 0.7547200000000001 0.781787478891738 0.8254639107178234 0.80303224977515170
82 0.7604 0.7832570963092925 0.8316146630297385 0.806711842529848370
83 0.75792 0.78315894994048 0.8283082632032337 0.8051011207007670
84 0.7578 0.7826195842724768 0.8287475966319697 0.805023345677024670
85 0.75848 0.7857187755358602 0.8262277744728667 0.805464269605000470
86 0.75852 0.7842891203413226 0.8278693953241937 0.805490221348712870
87 0.75832 0.7834534628643058 0.8285278716776032 0.805360479350557370
88 0.75492 0.779836546259904 0.8279242283746192 0.803161242651074870
89 0.75648 0.7866582756450597 0.8224766416633768 0.804168811116829770
91 0.75624 0.7812988311769485 0.8280887711162637 0.804013636071267770
92 0.75852 0.7816897004565068 0.8307855908547123 0.805490221348712770
93 0.76132 0.7837973413594181 0.8322791131233771 0.807311008492911870
94 0.7570399999999999 0.7822277847309136 0.8281436332317477 0.804531119263693170
95 0.75516 0.7808107939284152 0.8271572260455268 0.803316088814626770
96 0.761 0.7816897004565068 0.8342231713828083 0.807102502017756270
97 0.76064 0.7827666103074707 0.8325008325008325 0.806868060934676170
98 0.7604 0.7827666103074707 0.8321682977165302 0.806711842529848370
99 0.75896 0.7803233660028716 0.832944625841274 0.805775800941146270
100 0.75932 0.7822767382189123 0.8312275568559649 0.80600960763452370
