1 0.49724 0.7608497169639052 0.5912961210974456 0.665442252921291680
2 0.53352 0.8061395588804334 0.5908489317451314 0.681904969723419480
3 0.53132 0.7679076053569235 0.6115759088018005 0.680883514448348280
4 0.57636 0.7950642411906882 0.6291207408525844 0.702424770307180
5 0.52896 0.7970413823885736 0.592613663300621 0.679791168153143480
6 0.525 0.7914397872609852 0.5929509985294815 0.677966101694915280
7 0.5465599999999999 0.8006661542403279 0.6031654120826095 0.688022897402025580
8 0.54608 0.7680491551459293 0.6227270462810741 0.687795752173434780
9 0.5651999999999999 0.7704160246533128 0.6362942224484601 0.696961248954558180
10 0.5474 0.7956209025523518 0.6066783148903125 0.68842076277020580
11 0.52816 0.7589556769884639 0.6149758929449965 0.679421676269159780
12 0.52224 0.7807620237351656 0.5971147415687399 0.67669987007362580
13 0.54796 0.7878482289171814 0.611695620259359 0.688686262086443980
14 0.5440400000000001 0.7900391859436228 0.6074743645818147 0.686832055825709580
15 0.54376 0.7887430590610802 0.6080358011479716 0.686699994506400180
16 0.56128 0.7503451587730356 0.6473665130250142 0.695062277580071380
17 0.54676 0.7675303942036105 0.6235969069593414 0.688117585533015880
18 0.56384 0.7834043619954876 0.6266292360136354 0.69630124777183680
19 0.5674399999999999 0.7799338616085356 0.6317279021579825 0.698051041492153980
20 0.56644 0.7880965891179623 0.6256882570827911 0.697564106141354380
21 0.56732 0.7689468503937008 0.6390266346301314 0.697992573359019480
22 0.5667599999999999 0.7639185968343213 0.6420793096363263 0.697719851525215780
23 0.5482 0.7758674197753088 0.619302417756639 0.688800110208017780
24 0.5631200000000001 0.7643857396196416 0.6387653942460013 0.695952341183675880
25 0.74776 0.7865097841817152 0.8110036981768637 0.79856896441576780
26 0.751 0.7972447222399388 0.8040653544320082 0.80064051240992880
27 0.74356 0.7841415218618656 0.8080155138978669 0.795899525643882880
29 0.74344 0.7812988311769485 0.810898475510866 0.795823518176609180
30 0.7340800000000001 0.7794961336991768 0.8006661542403279 0.789939332659251880
31 0.74512 0.7870049738714349 0.80702433985409 0.796888945556547280
32 0.74552 0.7910391089735477 0.8033419023136247 0.797143039346980580
33 0.745 0.788494291301331 0.8053085942533179 0.79681274900398480
34 0.7444 0.7875007875007874 0.8055680866146807 0.796431984708505880
35 0.74976 0.792443261062508 0.8073892261981657 0.799846429485538780
36 0.7508 0.7943568886629385 0.8067639086097844 0.800512327889849680
37 0.74428 0.7823746635788946 0.8108458744161909 0.796355875513649680
38 0.7445999999999999 0.7845844840572432 0.8089044198537501 0.796558865700175180
39 0.74544 0.7829136915946386 0.8117937394466814 0.797092207626578380
40 0.74664 0.7856200113129281 0.8104778577449264 0.797855364779472880
41 0.74448 0.7872528026199773 0.8059316569954867 0.796482732254364680
42 0.74448 0.7897397017942887 0.8033419023136247 0.796482732254364880
43 0.74428 0.7858175645942038 0.8071806793232598 0.796355875513649580
44 0.74376 0.7856693903205532 0.8066597831698503 0.796026237024772480
45 0.7460800000000001 0.7835516830690152 0.8119519324455993 0.797499043001148580
46 0.75088 0.7874015748031497 0.8141731257734645 0.800563596772127680
47 0.7504 0.7902389682640031 0.8105304111010245 0.800256081946222880
48 0.74732 0.788046904551759 0.8087997411840828 0.798288469521346180
49 0.74648 0.7848307904815722 0.811108948153916 0.797753526070585180
50 0.74956 0.7931472081218274 0.8063995871234114 0.799718499088320980
51 0.74844 0.7865097841817152 0.8118991945959989 0.799002844450126380
52 0.7522 0.7901890132119603 0.812955254942768 0.801410482449110580
53 0.7552 0.793046567694455 0.8139080609454356 0.803341902313624780
54 0.75164 0.7888923950773115 0.8135902108825827 0.801050978884296380
55 0.7485999999999999 0.7864108210128972 0.8122157244964262 0.79910500239731580
57 0.75524 0.7902389682640031 0.8169400692765179 0.803367717471641280
58 0.75044 0.788046904551759 0.8129023866814074 0.800281699158103780
59 0.74876 0.7903888713246917 0.8082244924350187 0.799207186471020680
60 0.75316 0.7947609359104781 0.8094282199054588 0.80202752558467880
61 0.75512 0.795924864692773 0.8107932801452942 0.803290276974487580
62 0.75108 0.7858175645942038 0.8161399843301123 0.800691797713224280
63 0.75448 0.7884445565787814 0.81784873069877 0.802877513006615780
64 0.75588 0.7865592751069721 0.821773716389455 0.80378098575700180
65 0.75776 0.7932478740956974 0.8171002745456922 0.804997424008243380
66 0.75576 0.7888923950773115 0.8190813183932901 0.803703465569343680
67 0.75684 0.7895401718039414 0.8198334098511183 0.80440168602593480
68 0.75344 0.7895401718039414 0.8152882859379077 0.802207675523039480
69 0.75764 0.7910391089735477 0.8192960608245395 0.804919669017032280
70 0.7521599999999999 0.7903888713246917 0.8126909823808595 0.801384792922169580
71 0.75456 0.7915400202634245 0.814650677789364 0.802929085303186180
72 0.75352 0.7875504032258065 0.8175277959450621 0.802259161799627880
73 0.75652 0.7908389219283817 0.8180092925855638 0.804194679448000880
74 0.75284 0.7927447995941147 0.811108948153916 0.801821738990987580
75 0.75336 0.7923427991886409 0.8122157244964262 0.802156195854456780
76 0.75312 0.7884445565787814 0.8160334247290769 0.802001796484024380
77 0.75488 0.793801994030609 0.8126909823808595 0.8031354407607380
78 0.7548 0.7899892561461164 0.8166198471287646 0.803083841953099980
79 0.75464 0.7886435331230284 0.81784873069877 0.802980664225605380
80 0.75292 0.7904888382976032 0.8135902108825827 0.801873175738525280
81 0.7538400000000001 0.7880965891179623 0.8173674230039888 0.802465173011491580
82 0.7582 0.7914397872609852 0.8196183856796275 0.805282654211628380
83 0.7578 0.7918910357934749 0.8185985592665357 0.805023345677024780
84 0.75508 0.7951653944020356 0.8115302213854444 0.80326446679304780
85 0.7567200000000001 0.7914899005888685 0.8175812675779972 0.804324046071681380
86 0.75468 0.7871040866444179 0.8195646472593758 0.803006456171907780
87 0.75812 0.7904388516504364 0.8205868837392503 0.805230779141301980
88 0.75352 0.7894404446128584 0.8155010438413361 0.802259161799627880
89 0.75688 0.7901890132119603 0.8191886755357494 0.804427569341656580
90 0.75812 0.7896898098426938 0.8213957155999474 0.805230779141301980
91 0.75808 0.7923930269413629 0.8184377659922739 0.805204844112342280
92 0.75608 0.7919412062848454 0.8162465717643986 0.803910219306707880
93 0.7582800000000001 0.7950136742351969 0.8159268929503917 0.805334535966240480
94 0.7558400000000001 0.7927447995941147 0.815075639019301 0.803755144032921880
95 0.75772 0.7904388516504364 0.820048546873975 0.804971504008758280
96 0.75656 0.7892410657911353 0.8197796432318992 0.804220549443479380
97 0.7585999999999999 0.791690417379188 0.8198871835235472 0.805542129853391280
98 0.759 0.7930968847154368 0.8189203354297694 0.805801772763900180
99 0.758 0.7902889296326737 0.8205868837392503 0.805152979066022580
100 0.75744 0.7911392405063291 0.8189203354297694 0.804790110739119280
