1 0.6686799999999999 0.7220842239038762 0.7826195842724768 0.751134212661118180
2 0.7123200000000001 0.7798852008984277 0.773323434793368 0.776590457256461180
3 0.72244 0.7847322493565195 0.7807620237351656 0.782742102132189580
4 0.68964 0.8057758009411461 0.7248057520584483 0.763149058274062180
5 0.7087600000000001 0.776445741971551 0.7724632307502163 0.774449366500418380
6 0.71424 0.779836546259904 0.7756748371082842 0.777750124440019980
7 0.71992 0.7797392551930634 0.7826685868135996 0.781201174926567280
8 0.72688 0.7836990595611285 0.7872528026199773 0.785471911524443880
9 0.73112 0.7864108210128972 0.7897896000505465 0.788096589117962380
10 0.72828 0.7776049766718507 0.7952665733553888 0.786336614978139980
11 0.7268399999999999 0.7844367743959837 0.786460299484082 0.785447233654843180
12 0.74248 0.7850279469949131 0.8056719303899452 0.795215980660347480
13 0.72948 0.7738021542651975 0.800820039720674 0.787079306110883680
15 0.73 0.7716525711463671 0.8038068291428204 0.787401574803149780
16 0.7329600000000001 0.7830608281651319 0.7955196334245529 0.789241065791135380
18 0.73024 0.766541975838597 0.8097428256785645 0.787550403225806580
19 0.73428 0.7752418754651451 0.8054642696050003 0.790064153209240680
20 0.73268 0.7718908237618871 0.80702433985409 0.789066691916800780
21 0.7390399999999999 0.7717002099024571 0.8156074644395146 0.79304656769445580
22 0.74088 0.7772665091406541 0.8118991945959989 0.794205476840968280
23 0.74048 0.7705585008013809 0.8188130486047426 0.793953252032520380
24 0.73412 0.7765904572564613 0.8038068291428204 0.789964293613928680
25 0.73744 0.7811035430856714 0.8032902769744875 0.792041566341401580
26 0.73924 0.7757229738115924 0.8114248620577734 0.793172372219930880
27 0.7416 0.7801285651875429 0.8097428256785645 0.794659885568976580
29 0.7392799999999999 0.781983109164842 0.8047382991051311 0.793197537914842380
30 0.74048 0.7767834949043003 0.8118991945959989 0.793953252032520380
31 0.74508 0.7824236354531797 0.8118464635968046 0.796863545086539380
32 0.74376 0.7883948281299274 0.8038068291428204 0.796026237024772380
33 0.7445200000000001 0.783748197379146 0.8096903744008291 0.796508108452543980
34 0.7405999999999999 0.7850279469949131 0.8032386582701452 0.794028902652056580
35 0.74612 0.7909890527115104 0.8041688111168297 0.797524484001658880
36 0.7404 0.7797878976918278 0.8085381630012937 0.793902826294061580
37 0.74456 0.7852252025881022 0.8081722376672916 0.796533486267762880
38 0.74612 0.7842399146746973 0.8112668743509865 0.79752448400165980
39 0.73872 0.7800312012480499 0.8060875733539692 0.792845363440314580
40 0.7457199999999999 0.7844860047696749 0.8104778577449264 0.79727014701661580
41 0.7396400000000001 0.7824236354531797 0.8047382991051311 0.793424101050493580
42 0.74032 0.788046904551759 0.799744081893794 0.79385240696049880
43 0.74228 0.7836008024072216 0.8069201471822348 0.795089527080749280
44 0.74676 0.788046904551759 0.8080677484000258 0.7979317608758180
45 0.74756 0.7842399146746973 0.8131667967733541 0.798441442304621480
46 0.74556 0.7825215975960936 0.8123740820172873 0.797168457638468280
47 0.7434799999999999 0.7827666103074707 0.8093758093758093 0.795848852385954880
48 0.74908 0.7866087722610282 0.8126381484852425 0.79941163303808480
49 0.74588 0.78315894994048 0.8121101871101871 0.797371862341721680
50 0.74256 0.7802746566791511 0.8108458744161909 0.795266573355388680
51 0.7454000000000001 0.788295390048559 0.8060355945318545 0.797066794197353780
52 0.7470399999999999 0.7868068231887707 0.8097428256785645 0.798110075341591180
53 0.74576 0.7848800703252543 0.8101101749837978 0.797295573414976480
54 0.7430399999999999 0.78125 0.8104253112033195 0.795570264765784180
55 0.7404 0.7784281977830365 0.8100051840331778 0.793902826294061580
57 0.7442 0.7881959770477331 0.804582904222451 0.796305144131231180
58 0.7465999999999999 0.786707785260243 0.8092710086753853 0.797829902664751880
59 0.7522 0.7831098859792006 0.8205868837392503 0.801410482449110480
60 0.75076 0.7877489286614571 0.813643168651956 0.80048669591111480
61 0.7516 0.7910391089735477 0.8112668743509865 0.801025312399871880
62 0.74888 0.787203224384407 0.8117410221442951 0.799283841677856680
63 0.75168 0.7905888305610018 0.8118464635968046 0.801076647013586380
64 0.7536 0.7872528026199773 0.8179557649522314 0.802310654685494280
65 0.7504 0.7857681669600202 0.8152882859379077 0.800256081946222880
66 0.74916 0.7848800703252543 0.8145975887911372 0.799462761024591680
67 0.7499199999999999 0.7876496534341525 0.8126381484852425 0.799948803276590280
68 0.75368 0.7871536523929471 0.8181699175284723 0.802362154181911580
69 0.74968 0.7856200113129281 0.8144914315501401 0.799795252415381780
70 0.75116 0.7895401718039414 0.8122685034765091 0.800743089587136880
71 0.75112 0.7890915977526671 0.8126909823808595 0.800717442828774680
72 0.75108 0.7861140808754167 0.8158203889831614 0.800691797713224280
73 0.75448 0.7857187755358602 0.820802416442314 0.802877513006615880
74 0.75196 0.7846829880728186 0.8185449544889005 0.801256369988141380
75 0.75108 0.7883451059535822 0.8134313789288735 0.800691797713224280
76 0.74944 0.7861140808754167 0.813643168651956 0.799641760491299980
77 0.75212 0.787203224384407 0.8160334247290769 0.801359105042151580
78 0.75244 0.7883451059535822 0.8152351138068219 0.801564654205008280
79 0.75136 0.7859163784973279 0.8164065051270328 0.800871348026652980
80 0.74908 0.7859657947686117 0.8133255254082894 0.79941163303808480
81 0.75348 0.7864108210128972 0.8187057898873461 0.802233417835253580
82 0.75068 0.7849293563579278 0.8165665011758557 0.800435436877661580
83 0.75316 0.7867573011077543 0.8179022443237585 0.802027525584678280
84 0.75156 0.7840923347133358 0.8186521710655577 0.800999647560155180
85 0.75436 0.788494291301331 0.8176347462061748 0.802800166982434880
86 0.7538 0.7890417876530741 0.8162998759224188 0.802439415824105380
87 0.7502 0.7876000252032008 0.8130610120983479 0.800128020483277580
88 0.7536 0.7868563515044693 0.8183841822705251 0.802310654685494280
89 0.7528 0.7881462799495587 0.8159268929503917 0.801796023091725580
91 0.7536 0.7873023871008377 0.8179022443237585 0.802310654685494180
92 0.75364 0.7870049738714349 0.8182770358732653 0.802336403607304580
93 0.7527200000000001 0.7860646459564835 0.8180628272251309 0.801744596241421480
94 0.7530399999999999 0.7868563515044693 0.8176347462061748 0.801950343234746980
95 0.75276 0.7859657947686117 0.818223473194999 0.80177030884192380
96 0.75324 0.7858175645942038 0.8190276503734766 0.80207898873881180
97 0.7530399999999999 0.7877489286614571 0.8166732000522671 0.801950343234746980
98 0.75512 0.7862129693691428 0.8211259278722985 0.803290276974487580
99 0.75448 0.786460299484082 0.819994752033587 0.802877513006615780
100 0.75528 0.7881462799495587 0.8192423646611614 0.80339353428883680
