25 0.7408 0.7867573011077543 0.801693175987686 0.794155019059720490
26 0.73056 0.7823746635788946 0.7931975379148423 0.78774892866145790
27 0.73984 0.787203224384407 0.8 0.793550025393600890
29 0.74176 0.795874188208328 0.7936507936507936 0.794760935910478390
30 0.73912 0.7921419518377694 0.7940541227290052 0.793096884715436890
31 0.74224 0.7918408716584315 0.7983139609145484 0.795064241190688290
32 0.74144 0.7914899005888685 0.7976517133558803 0.794558860920416990
33 0.7449600000000001 0.7943568886629385 0.7992327365728901 0.796787353391126990
34 0.74012 0.7903888713246917 0.7970922076265783 0.793726386639997690
35 0.7424 0.7914899005888685 0.7988751837412923 0.795165394402035690
36 0.7430399999999999 0.7868563515044693 0.8044793409705239 0.795570264765784190
37 0.7452799999999999 0.7916402786573781 0.8024136602901528 0.796990563631726690
38 0.7417199999999999 0.7992838416778566 0.7902389682640031 0.794735670915853490
39 0.74936 0.7953171724883884 0.8039102193067078 0.799590609607880890
40 0.74168 0.7943568886629385 0.7950642411906882 0.79471040752749790
41 0.74516 0.7863613487669854 0.8077544426494345 0.79691434764591590
42 0.7482 0.7974481658692185 0.8002560819462228 0.798849656494647790
43 0.75312 0.7957221974664205 0.808381297290306 0.80200179648402490
44 0.74624 0.79638124362895 0.7988241308793456 0.797600816743236490
45 0.74924 0.7949631137115238 0.8041170794467675 0.799513895551504690
46 0.74832 0.7945083582279285 0.8033935342888361 0.798926243129234390
47 0.75088 0.803032249775151 0.7981100753415911 0.800563596772127690
48 0.75188 0.7930968847154368 0.8094806372231577 0.801205012338557290
49 0.7501599999999999 0.7964319847085058 0.8038068291428204 0.80010241310887890
50 0.75128 0.7990283814881105 0.8026197508668294 0.80082003972067490
51 0.7445200000000001 0.7941550190597204 0.7988751837412923 0.79650810845254490
52 0.7461599999999999 0.7929459528038569 0.8022076755230394 0.797549926625406890
53 0.75072 0.7986199846664963 0.8023106546854942 0.800461065573770690
54 0.74932 0.7964319847085058 0.8027228358592345 0.799565036620078790
55 0.7479199999999999 0.7957221974664205 0.8016417623292503 0.798671011436968890
57 0.7490399999999999 0.7945083582279285 0.8043240460716814 0.799386071497090290
58 0.75264 0.794710407527497 0.8087997411840828 0.80169317598768690
59 0.74832 0.7919913831337515 0.8059836224127925 0.798926243129234390
60 0.7514000000000001 0.7891912368205063 0.812955254942768 0.800897004645202590
61 0.7480800000000001 0.7963305090144613 0.8012306903403628 0.798773084542143490
62 0.74624 0.7923427991886409 0.8029290853031861 0.797600816743236490
63 0.75088 0.793046567694455 0.8082244924350187 0.800563596772127590
64 0.75488 0.7995394652680057 0.8067639086097844 0.8031354407607390
65 0.75096 0.7976008167432364 0.8036517937508036 0.800614872221866490
66 0.7489600000000001 0.7929962570576667 0.8057758009411461 0.799334953318838790
67 0.75112 0.7951148145792253 0.8063995871234114 0.800717442828774690
68 0.7524 0.7952159806603474 0.8079632861482774 0.801538954793202890
69 0.75348 0.8023621541819116 0.8021047227926078 0.802233417835253390
70 0.75188 0.7941045676894734 0.8084335790971414 0.801205012338557290
71 0.75276 0.7961783439490446 0.8074413797558297 0.80177030884192390
72 0.75236 0.7962290591757437 0.806868060934676 0.801513257029271290
73 0.75556 0.7986199846664963 0.8085904651012356 0.803574298479637590
74 0.75636 0.801333418808898 0.806868060934676 0.804091216107555290
75 0.7524 0.7998464294855387 0.8032386582701452 0.801538954793202990
76 0.75736 0.7970922076265783 0.8125325013000521 0.804738299105131190
77 0.7516 0.7966857871255577 0.8054123711340206 0.801025312399871890
78 0.75208 0.7999488032765903 0.8027228358592345 0.80133341880889890
79 0.75612 0.7969397513547976 0.8110563197508435 0.803936071003633890
80 0.75456 0.7985179506835314 0.8073892261981657 0.802929085303186190
81 0.75388 0.7992838416778566 0.8057238623179064 0.8024909318524790
82 0.7494799999999999 0.79638124362895 0.8029806642256054 0.799667338387230990
83 0.7516 0.7956209025523518 0.8065036453964772 0.80102531239987290
84 0.7564 0.8011793359825663 0.8070764462809917 0.804117079446767490
85 0.75276 0.8002048524422252 0.8033419023136247 0.801770308841922890
86 0.75084 0.7932478740956974 0.8079632861482774 0.800537961510134990
87 0.75248 0.7952159806603474 0.8080677484000258 0.801590355264845590
88 0.75348 0.7996417604912999 0.8048419290451355 0.802233417835253490
89 0.75244 0.7970413823885736 0.8061395588804334 0.801564654205008290
90 0.75552 0.7961783439490446 0.8110563197508435 0.803548470043713290
91 0.758 0.799130545965989 0.8112668743509865 0.805152979066022690
92 0.75588 0.7970922076265783 0.8105829712729395 0.80378098575700190
93 0.7561599999999999 0.7986710114369688 0.809323405632891 0.803961924363262290
94 0.75492 0.7976008167432364 0.8087997411840828 0.803161242651074690
95 0.75104 0.7952159806603474 0.8061915511125444 0.800666154240327990
96 0.75464 0.7999488032765903 0.8060355945318545 0.802980664225605490
97 0.7564 0.795924864692773 0.8124796880077998 0.804117079446767590
98 0.75592 0.7985179506835314 0.8091662351113412 0.803806829142820390
99 0.75464 0.7952665733553888 0.8108458744161909 0.802980664225605490
100 0.75636 0.7984669434685404 0.8097952837522674 0.804091216107555390
