1 0.6941999999999999 0.7743294307130025 0.7574839413404436 0.76581406034614890
2 0.7090000000000001 0.781445361340335 0.767860433687573 0.77459333849728990
3 0.69912 0.7900391859436228 0.7485029940119761 0.76871041141381290
4 0.7066399999999999 0.7836990595611285 0.762939453125 0.773179934434341690
5 0.71404 0.7763010806111043 0.778961799713342 0.777629164204174490
6 0.7192000000000001 0.7810059356451109 0.7805182641273806 0.780762023735165690
8 0.7196 0.7789132602193419 0.7831098859792006 0.781005935645110990
9 0.7237199999999999 0.7786706534604124 0.7884445565787814 0.78352712570909290
10 0.7223999999999999 0.7849786485807586 0.7804695304695305 0.782717595491546590
11 0.71852 0.7721292235468528 0.7887430590610802 0.780347722945344590
15 0.71688 0.7778469197261979 0.7808595702148926 0.779350333561942790
16 0.73204 0.7933989209774674 0.7839939789262419 0.788668412252752490
18 0.72752 0.7911893157794797 0.780615749703366 0.785866968439582590
19 0.7325999999999999 0.7957221974664205 0.7824236354531797 0.789016884961338190
20 0.73244 0.7951148145792253 0.7828156312625251 0.788917289911325790
21 0.73312 0.7851265624018592 0.793600406323408 0.789340742611770790
22 0.73376 0.7929459528038569 0.7865592751069721 0.789739701794288790
23 0.7352000000000001 0.794255941034439 0.7870545271376401 0.790638836179633290
24 0.73604 0.7894903050590538 0.7928453634403146 0.791164277350549190
25 0.7332799999999999 0.79638124362895 0.7826195842724768 0.789440444612858490
26 0.73332 0.7858175645942038 0.7931472081218274 0.789465374048694190
27 0.73932 0.7958235181766091 0.7906388361796332 0.793222705206713990
29 0.7332799999999999 0.7877985756601752 0.7910891715714196 0.789440444612858390
30 0.73368 0.7847322493565195 0.794710407527497 0.789689809842693890
31 0.73752 0.7898395046126627 0.7943568886629385 0.792091755909004590
32 0.74368 0.788494291301331 0.8036001285760206 0.795975547631176890
33 0.7405999999999999 0.7875007875007874 0.8006661542403279 0.794028902652056590
34 0.7367600000000001 0.791590146285859 0.7916402786573781 0.791615211677907690
35 0.741 0.7918910357934749 0.7966857871255577 0.794281175536139790
36 0.74428 0.8003073180101159 0.792443261062508 0.796355875513649690
37 0.7416 0.786707785260243 0.8027743882859161 0.794659885568976590
38 0.74156 0.795874188208328 0.7933989209774674 0.794634626998506190
39 0.7440800000000001 0.8019503432347469 0.7905888305610018 0.796229059175743690
40 0.7388399999999999 0.7887430590610802 0.7971430393469804 0.792920803070189290
41 0.7438400000000001 0.792443261062508 0.799744081893794 0.796076932874793190
42 0.73748 0.7900891220529676 0.7940541227290052 0.792066660330133390
43 0.75012 0.7957221974664205 0.8044793409705239 0.800076807373507890
44 0.74036 0.7964319847085058 0.7913395796404153 0.793877615826744190
45 0.7430399999999999 0.7917907138785076 0.7993860714970903 0.795570264765784290
46 0.7428 0.7968889455565472 0.7939532520325203 0.795418390073178590
47 0.7465200000000001 0.7966857871255577 0.7988751837412923 0.797778983310463890
48 0.7434799999999999 0.7921921541289055 0.7995394652680057 0.795848852385954990
49 0.7382 0.7888426101224284 0.7962290591757437 0.792518624187668590
50 0.74396 0.8007174428287746 0.7916402786573781 0.796152988758319990
51 0.739 0.7908889591901297 0.7951653944020356 0.793021411578112790
52 0.74156 0.7998464294855387 0.7894903050590538 0.794634626998506190
53 0.7396400000000001 0.7940541227290052 0.7927950783281538 0.793424101050493790
54 0.7478 0.7974481658692185 0.799744081893794 0.798594473726241890
55 0.74484 0.7911893157794797 0.8023106546854942 0.796711176264380690
57 0.74612 0.7971938775510204 0.7978553647794728 0.797524484001658890
58 0.7456400000000001 0.7938524069604979 0.8006148722218664 0.797219299084792390
59 0.74688 0.793298216665609 0.8027743882859161 0.798008171603677290
60 0.75156 0.7969397513547976 0.80510112070076 0.800999647560155190
61 0.74848 0.7948620119547246 0.8032386582701452 0.799028381488110490
62 0.75176 0.8009226629076697 0.801333418808898 0.80112798820739690
63 0.7502800000000001 0.7992838416778566 0.8010766470135863 0.800179240149793690
64 0.74512 0.7951148145792253 0.7986710114369688 0.796888945556547290
65 0.74824 0.792694527236984 0.8051529790660226 0.798875183741292490
66 0.74892 0.7936507936507936 0.8050492690152637 0.799309396681267490
67 0.74888 0.79638124362895 0.8022076755230394 0.799283841677856690
68 0.7458400000000001 0.7952665733553888 0.7994371962138654 0.797346431077374690
69 0.7502 0.799130545965989 0.8011279882073961 0.800128020483277490
70 0.748 0.7997952524153816 0.7976517133558803 0.798722044728434690
71 0.7490399999999999 0.7982629797560509 0.8005123278898495 0.799386071497090290
72 0.74776 0.793298216665609 0.8039102193067078 0.79856896441576790
73 0.74888 0.7951653944020356 0.8034451729014012 0.799283841677856690
74 0.7490399999999999 0.7972447222399388 0.8015389547932029 0.799386071497090390
75 0.74668 0.792895654931811 0.8029290853031861 0.797880828519452390
76 0.7514000000000001 0.8002560819462228 0.8015389547932029 0.800897004645202590
77 0.75188 0.7984669434685404 0.8039619243632622 0.801205012338557290
78 0.75192 0.7972447222399388 0.8052567158410101 0.801230690340362890
79 0.75096 0.8028775130066157 0.7983649485852973 0.800614872221866490
80 0.7522800000000001 0.8007687379884689 0.8021561958544567 0.801461866444394590
81 0.75132 0.7979572294924993 0.8037551440329218 0.800845693051862890
82 0.7469600000000001 0.7969397513547976 0.7991816380026853 0.798059120219625990
83 0.7497199999999999 0.7970413823885736 0.8026197508668294 0.799820840131810490
84 0.75352 0.800820039720674 0.8037034655693436 0.802259161799627890
85 0.7497199999999999 0.797804442175134 0.8018474565398679 0.799820840131810490
86 0.74956 0.7993860714970903 0.8000512032770097 0.799718499088320990
87 0.7522800000000001 0.8023106546854942 0.8006148722218664 0.801461866444394590
88 0.7517199999999999 0.7992838416778566 0.8029290853031861 0.801102316787990
89 0.75084 0.7979062938848461 0.8031870461993189 0.800537961510134990
90 0.75388 0.795772854596384 0.809323405632891 0.802490931852470190
91 0.7524 0.7995394652680057 0.803548470043713 0.80153895479320390
92 0.75108 0.7998464294855387 0.8015389547932029 0.800691797713224190
93 0.75104 0.7983139609145484 0.803032249775151 0.800666154240327990
94 0.75288 0.7986710114369688 0.8050492690152637 0.801847456539867890
95 0.7522800000000001 0.7994371962138654 0.8034968181526001 0.801461866444394490
96 0.7516 0.7973464310773745 0.8047382991051311 0.801025312399871790
97 0.75292 0.7996417604912999 0.8041170794467675 0.801873175738525190
98 0.75316 0.7983649485852973 0.8057238623179064 0.80202752558467890
99 0.75308 0.799744081893794 0.8042205494434794 0.801976069034190
100 0.75156 0.7968889455565472 0.8051529790660226 0.800999647560155190
