1 0.7119599999999999
2 0.70472
3 0.70872
4 0.7095199999999999
5 0.71096
6 0.7136
7 0.71368
8 0.71088
9 0.7105600000000001
10 0.7126
11 0.71252
12 0.7147600000000001
13 0.71536
14 0.7154400000000001
15 0.7146
16 0.7155199999999999
17 0.71556
18 0.7154400000000001
19 0.71568
20 0.71568
21 0.7158800000000001
22 0.71568
23 0.71536
24 0.7148399999999999
25 0.71504
26 0.71512
27 0.71532
28 0.7156
29 0.71556
30 0.7162
31 0.7162
32 0.71624
33 0.71636
34 0.71648
35 0.71656
36 0.71688
37 0.7168399999999999
38 0.7168
39 0.71696
40 0.7168
41 0.7168
42 0.7168
43 0.7168399999999999
44 0.7168399999999999
45 0.7168399999999999
46 0.7168399999999999
47 0.71688
48 0.71704
49 0.71704
50 0.71704
51 0.71704
52 0.71704
53 0.71636
54 0.71644
55 0.71644
56 0.7166
57 0.71668
58 0.71668
59 0.71668
60 0.71668
61 0.71668
62 0.7174
63 0.7175199999999999
64 0.71732
65 0.71732
66 0.71736
67 0.71736
68 0.7175199999999999
69 0.71756
70 0.7176
71 0.71756
72 0.7174
73 0.7174
74 0.71736
75 0.71756
76 0.7176
77 0.71756
78 0.71748
79 0.71736
80 0.7175199999999999
81 0.7174400000000001
82 0.7174400000000001
83 0.7175199999999999
84 0.7175199999999999
85 0.7176
86 0.7176
87 0.7176
88 0.71784
89 0.71784
90 0.71784
91 0.7178800000000001
91 0.7178800000000001
92 0.7178800000000001
93 0.7178800000000001
94 0.7178800000000001
95 0.7178800000000001
96 0.7178800000000001
97 0.7178800000000001
98 0.7178800000000001
99 0.71792
100 0.71792
1 0.7119599999999999
2 0.70472
3 0.70872
4 0.7095199999999999
5 0.71096
6 0.7136
7 0.71368
8 0.71088
9 0.7105600000000001
10 0.7126
11 0.71252
12 0.7147600000000001
13 0.71536
14 0.7154400000000001
15 0.7146
16 0.7155199999999999
17 0.71556
18 0.7154400000000001
19 0.71568
20 0.71568
21 0.7158800000000001
22 0.71568
23 0.71532
24 0.7148
25 0.7150000000000001
26 0.71512
27 0.71532
28 0.7156
29 0.71556
30 0.7162
31 0.7162
32 0.71624
33 0.71636
34 0.71644
35 0.71656
36 0.71688
37 0.7168399999999999
38 0.7168
39 0.71696
40 0.7168
41 0.7168
42 0.7168
43 0.7168399999999999
44 0.7168399999999999
45 0.7168399999999999
46 0.7168399999999999
47 0.71688
48 0.71704
49 0.71704
50 0.71704
51 0.71704
52 0.71704
53 0.71636
54 0.71644
55 0.71644
56 0.7166
57 0.71668
58 0.71668
59 0.71668
60 0.71668
61 0.71668
62 0.7174
63 0.7175199999999999
64 0.71732
65 0.71732
66 0.71736
67 0.71736
68 0.7175199999999999
69 0.71756
70 0.7176
71 0.71756
72 0.7174
73 0.7174
74 0.71736
75 0.71756
76 0.7176
77 0.71756
78 0.7175199999999999
79 0.7174
80 0.71756
81 0.7174400000000001
82 0.7174400000000001
83 0.7175199999999999
84 0.7175199999999999
85 0.7176
86 0.7176
87 0.7176
88 0.71784
89 0.71784
90 0.71784
91 0.7178800000000001
92 0.7178800000000001
93 0.7178800000000001
94 0.7178800000000001
95 0.7178800000000001
96 0.7178800000000001
97 0.7178800000000001
98 0.7178800000000001
99 0.71792
100 0.71792
