1 0.70556
2 0.7034400000000001
3 0.70972
4 0.72056
5 0.72668
6 0.73136
7 0.73472
8 0.73992
9 0.7425999999999999
10 0.74344
11 0.7481599999999999
12 0.74676
13 0.7530399999999999
14 0.74916
15 0.75152
16 0.7616
17 0.76172
18 0.76664
19 0.76712
20 0.77232
21 0.77176
22 0.77248
23 0.77596
24 0.77664
25 0.78084
26 0.78032
27 0.78136
28 0.78488
29 0.78644
30 0.78564
31 0.78844
32 0.78844
33 0.79192
34 0.79132
35 0.79252
36 0.79428
37 0.7956799999999999
38 0.7972
39 0.79796
40 0.8006
41 0.80152
42 0.80328
43 0.80652
44 0.808
45 0.8076
46 0.80884
47 0.81064
48 0.81152
49 0.81168
50 0.8123199999999999
51 0.81276
52 0.81484
53 0.81596
54 0.8198799999999999
55 0.82108
56 0.82088
57 0.8222
58 0.82392
59 0.82396
60 0.8264
61 0.8276
62 0.82816
63 0.83108
64 0.83292
65 0.8348800000000001
66 0.8366
67 0.83768
68 0.83784
69 0.84016
70 0.84144
71 0.84212
72 0.84268
73 0.84388
74 0.84596
75 0.84676
76 0.84796
77 0.84932
78 0.8510800000000001
79 0.85332
80 0.85416
82 0.85624
83 0.85776
84 0.85924
85 0.86012
86 0.86088
87 0.86172
88 0.8632
89 0.86488
90 0.86616
91 0.86724
92 0.8682799999999999
93 0.8698
94 0.87092
95 0.87192
96 0.87292
97 0.87356
98 0.87456
99 0.87568
100 0.8771599999999999
1 0.71516
2 0.7074
3 0.71172
4 0.7163200000000001
5 0.72296
6 0.72948
7 0.734
8 0.7388399999999999
9 0.7409600000000001
10 0.7392000000000001
11 0.74508
12 0.7482800000000001
13 0.75348
14 0.75404
15 0.75144
16 0.75852
17 0.76224
18 0.7632
19 0.76016
20 0.76448
21 0.7671600000000001
22 0.76968
23 0.77248
24 0.77532
25 0.77768
26 0.77904
27 0.77928
28 0.7812399999999999
29 0.78272
30 0.7852399999999999
31 0.7849200000000001
32 0.7854
33 0.78624
34 0.7893600000000001
35 0.78928
36 0.7906
37 0.7926
38 0.79352
39 0.79588
40 0.79556
41 0.79772
42 0.79864
43 0.7988
44 0.8002400000000001
45 0.80108
46 0.80524
47 0.8065599999999999
48 0.80724
49 0.80852
50 0.81012
51 0.81288
52 0.81424
53 0.81416
54 0.8174399999999999
55 0.81868
56 0.82056
57 0.8214
58 0.82248
59 0.8242
60 0.8244400000000001
61 0.82708
62 0.82856
63 0.83032
64 0.83168
65 0.83348
66 0.83616
67 0.8380799999999999
68 0.83828
69 0.8405199999999999
70 0.84084
71 0.84256
72 0.84324
73 0.84436
74 0.84716
75 0.84816
76 0.8490800000000001
77 0.85036
78 0.85188
79 0.8538
80 0.85512
81 0.85568
82 0.8578399999999999
83 0.85948
84 0.86048
85 0.86204
86 0.86304
87 0.8642799999999999
88 0.86532
89 0.86744
90 0.86848
91 0.8696
92 0.8708400000000001
93 0.87244
94 0.87368
95 0.87508
96 0.87608
97 0.8772
98 0.8782
99 0.87948
100 0.8811599999999999
