1 0.71636
2 0.7150000000000001
3 0.7190799999999999
4 0.72124
5 0.7254
6 0.7301599999999999
7 0.7328
8 0.7327600000000001
9 0.73308
10 0.7343999999999999
11 0.7345999999999999
12 0.73952
13 0.73968
14 0.74228
15 0.74116
16 0.74156
17 0.74276
18 0.74268
19 0.74404
20 0.74472
21 0.74444
22 0.74432
23 0.74448
24 0.7458
25 0.7460800000000001
26 0.74636
27 0.747
28 0.747
29 0.74708
30 0.7469600000000001
31 0.74676
32 0.74684
33 0.7484
34 0.74836
35 0.74936
36 0.74988
37 0.7498400000000001
38 0.7498400000000001
39 0.7501599999999999
40 0.75056
41 0.7508
42 0.75124
43 0.75148
44 0.75136
45 0.75196
46 0.75148
47 0.75156
48 0.7517199999999999
49 0.75164
50 0.75196
51 0.7522800000000001
52 0.75284
53 0.75288
54 0.75328
55 0.75332
56 0.75336
57 0.75312
58 0.75332
59 0.75352
60 0.7536
61 0.75404
62 0.75424
63 0.75412
64 0.7542
65 0.75444
66 0.75468
67 0.75492
68 0.75492
69 0.75512
70 0.75516
71 0.75544
72 0.7554
73 0.75604
74 0.75592
75 0.7561599999999999
76 0.75624
77 0.7562800000000001
78 0.7562800000000001
79 0.75644
80 0.75648
81 0.75664
82 0.7568
83 0.757
84 0.7572
85 0.75752
86 0.7574799999999999
87 0.75764
88 0.75768
89 0.7578
90 0.75788
