1 0.71852
2 0.7232799999999999
3 0.7239599999999999
4 0.72636
5 0.72488
6 0.73088
7 0.7305200000000001
8 0.7336400000000001
9 0.7368399999999999
10 0.7414000000000001
11 0.74464
12 0.7478
13 0.7482
14 0.75024
15 0.75012
16 0.7498
17 0.75264
18 0.7532
19 0.75436
20 0.7542800000000001
21 0.75448
22 0.75452
23 0.75464
24 0.75604
25 0.75712
26 0.7574
27 0.7594799999999999
28 0.7605999999999999
29 0.76024
30 0.76264
31 0.7630399999999999
32 0.76252
33 0.76376
34 0.7644
35 0.76464
36 0.7654
37 0.76616
38 0.76632
39 0.767
40 0.76772
41 0.76776
42 0.7679199999999999
43 0.76808
44 0.76924
45 0.7694
46 0.76896
47 0.7694
48 0.77016
49 0.77012
50 0.7706
51 0.77136
52 0.77176
53 0.77172
54 0.7718
55 0.772
56 0.7720400000000001
57 0.77256
58 0.77284
59 0.77348
60 0.774
61 0.7744
62 0.77516
63 0.77524
64 0.77536
65 0.77584
66 0.77644
67 0.77688
68 0.7772
69 0.77728
70 0.7774
71 0.77812
72 0.77808
73 0.7786
74 0.77884
75 0.77876
76 0.7792399999999999
77 0.77948
78 0.77932
79 0.78
80 0.77976
81 0.78024
82 0.7807999999999999
83 0.78156
84 0.78212
85 0.78224
86 0.7824
87 0.78272
88 0.78296
89 0.78328
90 0.78344
