1 0.71404
2 0.72
3 0.71776
4 0.72252
5 0.72456
6 0.73116
7 0.72984
8 0.73448
9 0.74204
10 0.74756
11 0.75012
12 0.75164
13 0.74928
14 0.75072
15 0.7525999999999999
16 0.75324
17 0.75324
18 0.7574799999999999
19 0.76016
20 0.7598
21 0.76092
22 0.7610399999999999
23 0.76172
24 0.7634799999999999
25 0.76404
26 0.7650399999999999
27 0.7659199999999999
28 0.76624
29 0.7678
30 0.76912
31 0.76956
32 0.771
33 0.77196
34 0.77228
35 0.77308
36 0.77432
37 0.77484
38 0.77524
39 0.77504
40 0.7766
41 0.77688
42 0.77844
43 0.77888
44 0.77948
45 0.7794
46 0.77984
47 0.78032
48 0.78152
49 0.78216
50 0.78252
51 0.78264
52 0.78316
53 0.78332
54 0.78396
55 0.78432
56 0.78584
57 0.78712
58 0.78684
59 0.7873600000000001
60 0.78804
61 0.78796
62 0.78868
63 0.79008
64 0.7902
65 0.79104
66 0.79144
67 0.792
68 0.79308
69 0.79376
70 0.794
71 0.7954
72 0.79572
73 0.79648
74 0.79708
75 0.79716
76 0.79764
77 0.79784
78 0.7984
79 0.79904
80 0.79896
81 0.79956
82 0.8
83 0.80048
84 0.80124
85 0.80156
86 0.802
87 0.80236
88 0.80292
89 0.80308
90 0.8036
91 0.8042400000000001
92 0.80496
93 0.80516
94 0.80564
95 0.80608
96 0.80636
97 0.8072
98 0.8074399999999999
99 0.8078
100 0.80824
1 0.7074
2 0.7162
3 0.71528
4 0.7210799999999999
5 0.7228399999999999
6 0.73192
7 0.7268399999999999
8 0.73264
9 0.7397199999999999
10 0.74444
11 0.74804
12 0.74912
13 0.74908
14 0.75108
15 0.75396
16 0.75192
17 0.75156
18 0.75696
19 0.75852
20 0.7582
21 0.75856
22 0.7598
23 0.75988
24 0.76144
25 0.76188
26 0.76292
27 0.7631600000000001
28 0.7639199999999999
29 0.7654799999999999
30 0.7662
31 0.76656
32 0.76796
33 0.76888
34 0.7694799999999999
35 0.77024
36 0.77168
37 0.7723599999999999
38 0.77248
39 0.77264
40 0.77444
41 0.7743599999999999
42 0.7758
43 0.77632
44 0.7767999999999999
45 0.77696
46 0.77708
47 0.77756
48 0.7789200000000001
49 0.77976
50 0.7798
51 0.78028
52 0.781
53 0.7809200000000001
54 0.782
55 0.7822
56 0.78344
57 0.7847999999999999
58 0.7847999999999999
59 0.78552
60 0.78592
61 0.78592
62 0.78644
63 0.78788
64 0.78804
65 0.78896
66 0.78928
67 0.7896799999999999
68 0.79068
69 0.79076
70 0.79104
71 0.79236
72 0.79288
73 0.79348
74 0.794
75 0.794
76 0.79448
77 0.79468
78 0.79512
79 0.7956799999999999
80 0.7956
81 0.79632
82 0.79692
83 0.79752
84 0.79808
85 0.7986800000000001
86 0.79896
87 0.79932
88 0.7998000000000001
89 0.8001199999999999
90 0.80048
91 0.8009999999999999
92 0.80184
93 0.80204
94 0.8024
95 0.80284
96 0.8029999999999999
97 0.80384
98 0.80408
99 0.80448
100 0.80492
