1 0.69148
2 0.71164
3 0.71488
4 0.72404
5 0.73092
6 0.7336
7 0.73512
8 0.74244
9 0.7485200000000001
10 0.75296
11 0.75244
12 0.7556
13 0.7578
14 0.75808
15 0.75956
16 0.76168
17 0.76176
18 0.76528
19 0.76524
20 0.7674799999999999
21 0.76668
22 0.76708
23 0.76952
24 0.76912
25 0.77076
26 0.7726
27 0.77372
28 0.77336
29 0.77352
30 0.774
31 0.7746
32 0.7762
33 0.77776
34 0.77688
35 0.77996
36 0.7809200000000001
37 0.78196
38 0.7818
39 0.7824
40 0.78384
41 0.78468
42 0.7856
43 0.7866
44 0.78684
45 0.78744
46 0.78828
47 0.78872
48 0.78928
49 0.78984
50 0.79028
51 0.79056
52 0.7921199999999999
53 0.79244
54 0.79264
55 0.793
56 0.79388
57 0.79484
58 0.79552
59 0.7966
60 0.79832
61 0.79872
62 0.79988
63 0.80052
64 0.80048
65 0.80108
66 0.80188
67 0.8025599999999999
68 0.80364
69 0.80444
70 0.80488
71 0.80564
72 0.80616
73 0.80716
74 0.80768
75 0.80768
76 0.8091200000000001
77 0.80932
78 0.80976
79 0.8108
80 0.8108
81 0.8114399999999999
82 0.8122
83 0.81276
84 0.81336
85 0.81372
86 0.81452
87 0.81464
88 0.81532
89 0.81628
90 0.81708
91 0.81768
92 0.81828
93 0.81892
94 0.81952
95 0.82004
96 0.82048
97 0.82136
98 0.82192
99 0.8223199999999999
100 0.82312

1 0.69184
2 0.70784
3 0.71496
4 0.72416
5 0.73108
6 0.7328399999999999
7 0.73392
8 0.74056
9 0.7464
10 0.75152
11 0.75208
12 0.75396
13 0.7558
14 0.75636
15 0.7584
16 0.75924
17 0.75912
18 0.76292
19 0.7622
20 0.76556
21 0.765
22 0.7651600000000001
23 0.7680400000000001
24 0.76764
25 0.76972
26 0.77168
27 0.77208
28 0.7712
29 0.77184
30 0.7727999999999999
31 0.7734
32 0.7744
33 0.77612
34 0.77596
35 0.7784800000000001
36 0.77936
37 0.78032
38 0.78032
39 0.78076
40 0.782
41 0.78312
42 0.78364
43 0.7844
44 0.78516
45 0.78552
46 0.78584
47 0.78676
48 0.78748
49 0.78804
50 0.78848
51 0.78908
52 0.79052
53 0.7906
54 0.79104
55 0.79164
56 0.79252
57 0.79328
58 0.79396
59 0.79476
60 0.79652
61 0.79704
62 0.79796
63 0.79884
64 0.79864
65 0.79908
66 0.8002
67 0.80048
68 0.80148
69 0.80228
70 0.80276
71 0.80356
72 0.80408
73 0.80528
74 0.8058
75 0.80556
76 0.8066800000000001
77 0.80696
78 0.8076
79 0.8086
80 0.80888
81 0.80952
82 0.80996
83 0.81084
84 0.81128
85 0.81172
86 0.8123199999999999
87 0.8126800000000001
88 0.81332
89 0.81396
90 0.81492
91 0.81564
92 0.81624
93 0.81684
94 0.8174399999999999
95 0.81792
96 0.81836
97 0.8192
98 0.81972
99 0.82016
100 0.821
