1 0.67916
2 0.70452
3 0.71716
4 0.72384
5 0.73256
6 0.73316
7 0.73892
8 0.74592
9 0.7508
10 0.75508
11 0.75604
12 0.75984
13 0.7602
14 0.759
15 0.762
16 0.76408
17 0.76464
18 0.76696
19 0.76856
20 0.76772
21 0.76772
22 0.771
23 0.77052
24 0.773
25 0.77284
26 0.7744800000000001
27 0.77568
28 0.7763599999999999
29 0.7764
30 0.7766
31 0.77748
32 0.77872
33 0.77984
34 0.77852
35 0.78104
36 0.78268
37 0.7832
38 0.78352
39 0.7846
40 0.785
41 0.78604
42 0.78788
43 0.7892
44 0.7892
45 0.78972
46 0.79028
47 0.79108
48 0.79196
49 0.79252
50 0.79344
51 0.79308
52 0.79476
53 0.79476
54 0.79524
55 0.79584
56 0.79708
57 0.79828
58 0.79888
59 0.80036
60 0.80236
61 0.80232
62 0.80364
63 0.80432
64 0.80448
65 0.80492
66 0.80572
67 0.8065599999999999
68 0.8074399999999999
69 0.80852
70 0.80844
71 0.80924
72 0.81004
73 0.81132
74 0.81196
75 0.81212
76 0.8132
77 0.81368
78 0.8142
79 0.81492
80 0.81528
81 0.8158799999999999
82 0.81672
83 0.8172
84 0.81792
85 0.81884
86 0.81936
87 0.81984
88 0.82052
89 0.82104
90 0.8218799999999999
