1 0.67656
2 0.7045600000000001
3 0.69892
4 0.72112
5 0.7276400000000001
6 0.72704
7 0.7341599999999999
8 0.7388399999999999
9 0.74568
10 0.74604
11 0.7528
12 0.75524
13 0.75408
14 0.75516
15 0.76008
16 0.7634
17 0.765
18 0.76896
19 0.77124
20 0.77296
21 0.77288
22 0.77344
23 0.7756000000000001
24 0.77632
25 0.7754
26 0.77672
27 0.77876
28 0.7809200000000001
29 0.7812
30 0.78
31 0.7812399999999999
32 0.78296
33 0.78356
34 0.78328
35 0.78592
36 0.78664
37 0.7881199999999999
38 0.78824
39 0.78908
40 0.79088
41 0.79172
42 0.7926
43 0.79436
44 0.79416
45 0.79528
46 0.79632
47 0.79788
48 0.79884
49 0.79828
50 0.7994
51 0.8002400000000001
52 0.8014
53 0.80092
54 0.8034399999999999
55 0.8042400000000001
56 0.80504
57 0.80568
58 0.80692
59 0.8086
60 0.81004
61 0.81088
62 0.81192
63 0.813
64 0.81428
65 0.8146
66 0.81564
67 0.81724
68 0.81748
69 0.81928
70 0.8202
71 0.8214
72 0.82168
73 0.8228
74 0.8240000000000001
75 0.82428
76 0.82508
77 0.82624
78 0.82684
79 0.82804
80 0.82824
81 0.8288800000000001
82 0.8302
83 0.83108
84 0.8322
85 0.8324400000000001
86 0.8334
87 0.8336
88 0.83448
89 0.83528
90 0.83656
91 0.83772
92 0.83836
93 0.83888
94 0.83948
95 0.84016
96 0.8408
97 0.8417600000000001
98 0.84236
99 0.84312
100 0.84416
1 0.6854
2 0.70768
3 0.6986
4 0.72088
5 0.72688
6 0.72732
7 0.7325999999999999
8 0.74116
9 0.7477199999999999
10 0.7498400000000001
11 0.7542
12 0.75684
13 0.7562800000000001
14 0.75512
15 0.75984
16 0.76268
17 0.7639199999999999
18 0.7670399999999999
19 0.76944
20 0.7699199999999999
21 0.77124
22 0.77164
23 0.7723599999999999
24 0.77464
25 0.77396
26 0.7759199999999999
27 0.778
28 0.77936
29 0.7802
30 0.7778
31 0.7792399999999999
32 0.7816
33 0.78176
34 0.78168
35 0.78444
36 0.78552
37 0.78656
38 0.78676
39 0.78732
40 0.78896
41 0.78964
42 0.7908
43 0.79184
44 0.79192
45 0.79372
46 0.79416
47 0.79512
48 0.79672
49 0.7969999999999999
50 0.798
51 0.79784
52 0.79956
53 0.7992
54 0.8006
55 0.80096
56 0.8022
57 0.80284
58 0.80408
59 0.80612
60 0.80772
61 0.80824
62 0.80928
63 0.80992
64 0.8108
65 0.8111200000000001
66 0.81252
67 0.81316
68 0.81416
69 0.81592
70 0.81656
71 0.8174
72 0.8182
73 0.81904
74 0.81992
75 0.82056
76 0.82116
77 0.82192
78 0.8223199999999999
79 0.8236
80 0.82372
81 0.82436
82 0.8260000000000001
83 0.8264
84 0.82752
85 0.8276399999999999
86 0.82868
87 0.82928
88 0.82992
89 0.83092
90 0.83176
91 0.83316
92 0.83372
93 0.8344
94 0.8348
95 0.8356
96 0.83616
97 0.83692
98 0.83756
99 0.83816
100 0.83904
