1 0.69492
2 0.7086
3 0.7046399999999999
4 0.72356
5 0.7263999999999999
6 0.73092
7 0.73584
8 0.739
9 0.74076
10 0.7408
11 0.7472799999999999
12 0.75116
13 0.7498
14 0.7524
15 0.75372
16 0.75688
17 0.75644
18 0.76416
19 0.76432
20 0.76708
21 0.7668
22 0.76728
23 0.76924
24 0.772
25 0.77216
26 0.77328
27 0.77816
28 0.7798
29 0.7820400000000001
30 0.78052
31 0.78268
32 0.78332
33 0.78508
34 0.7864
35 0.7873600000000001
36 0.78888
37 0.7906
38 0.791
39 0.79188
40 0.7932
41 0.79432
42 0.79428
43 0.79728
44 0.79728
45 0.79796
46 0.79912
47 0.8002
48 0.8008
49 0.80208
50 0.8024
51 0.80396
52 0.8052
53 0.80452
54 0.80772
55 0.80848
56 0.8095600000000001
57 0.8106800000000001
58 0.81108
59 0.8131200000000001
60 0.8143199999999999
61 0.81488
62 0.81704
63 0.8176
64 0.81904
65 0.81924
66 0.8204400000000001
67 0.82096
68 0.8218799999999999
69 0.82348
70 0.825
71 0.82604
72 0.82716
73 0.82832
74 0.8291999999999999
75 0.82976
76 0.83036
77 0.8314
78 0.832
79 0.83356
80 0.83428
82 0.83596
83 0.8368800000000001
84 0.83824
85 0.83868
86 0.83912
87 0.83956
88 0.84016
89 0.84112
90 0.8426400000000001
91 0.84424
92 0.84492
93 0.84544
94 0.8460799999999999
95 0.8465199999999999
96 0.84736
97 0.84824
98 0.84892
99 0.84976
100 0.8508
1 0.694
2 0.708
3 0.7083999999999999
4 0.7148399999999999
5 0.72448
6 0.73136
7 0.73584
8 0.7388399999999999
9 0.74192
10 0.74044
11 0.7470399999999999
12 0.7492
13 0.7479199999999999
14 0.75036
15 0.7528
16 0.75632
17 0.75516
18 0.75776
19 0.7594799999999999
20 0.76264
21 0.75988
22 0.76328
23 0.7639199999999999
24 0.7671600000000001
25 0.76852
26 0.76808
27 0.77396
28 0.77516
29 0.77528
30 0.7758
31 0.7782
32 0.78012
33 0.7803599999999999
34 0.78088
35 0.7844
36 0.78716
37 0.78716
38 0.78688
39 0.78844
40 0.79008
41 0.79016
42 0.7926
43 0.79396
44 0.794
45 0.79548
46 0.79636
47 0.79724
48 0.79792
49 0.79956
50 0.79944
51 0.80116
52 0.80272
53 0.80264
54 0.8042
55 0.80584
56 0.8064
57 0.80856
58 0.80876
59 0.81076
60 0.8122
61 0.8142
62 0.81468
63 0.81592
64 0.81688
65 0.8182
66 0.8198
67 0.82096
68 0.82164
69 0.82296
70 0.82412
71 0.82504
72 0.82636
73 0.82748
74 0.82896
75 0.82928
76 0.8308
77 0.83216
78 0.8328
79 0.83368
80 0.83424
81 0.83512
82 0.83664
83 0.83728
84 0.83856
85 0.83928
86 0.83924
87 0.83984
88 0.84108
89 0.84184
90 0.84288
91 0.84448
92 0.84516
93 0.84624
94 0.84708
95 0.84752
96 0.8482000000000001
97 0.84912
98 0.84988
99 0.85068
100 0.85168
