1 0.70536
2 0.70992
3 0.71556
4 0.72012
5 0.7239599999999999
6 0.73044
7 0.73412
8 0.73968
9 0.7425200000000001
10 0.74232
11 0.7482800000000001
12 0.74932
13 0.7482
14 0.74744
15 0.75388
16 0.7572
17 0.7590399999999999
18 0.76008
19 0.7634799999999999
20 0.76844
21 0.76688
22 0.76696
23 0.7683599999999999
24 0.77244
25 0.7754
26 0.7744800000000001
27 0.7798
28 0.7798
29 0.7806
30 0.78052
31 0.78388
32 0.78468
33 0.7852399999999999
34 0.785
35 0.78868
36 0.79104
37 0.79192
38 0.79188
39 0.79348
40 0.79544
41 0.7948
42 0.7968
43 0.79876
44 0.79984
45 0.80008
46 0.80204
47 0.80328
48 0.8032
49 0.80496
50 0.8051200000000001
51 0.80632
52 0.80864
53 0.81
54 0.81096
55 0.8122
56 0.81348
57 0.8143199999999999
58 0.81516
59 0.81684
60 0.81812
61 0.82016
62 0.8216
63 0.8228
64 0.82436
65 0.82492
66 0.82624
67 0.8267599999999999
68 0.82728
69 0.82976
70 0.8307599999999999
71 0.83196
72 0.8336
73 0.83452
74 0.83664
75 0.83724
76 0.83824
77 0.84004
78 0.84068
79 0.84224
80 0.8426
82 0.84524
83 0.84644
84 0.84768
85 0.84856
86 0.84892
87 0.84928
88 0.85076
89 0.85188
90 0.853
91 0.85448
92 0.85504
93 0.85588
94 0.8566
95 0.85744
96 0.8582799999999999
97 0.85924
98 0.86008
99 0.8612
100 0.8624
1 0.7158800000000001
2 0.70648
3 0.71176
4 0.7227600000000001
5 0.71672
6 0.7252000000000001
7 0.73472
8 0.73788
9 0.7338
10 0.7432799999999999
11 0.74456
12 0.74968
13 0.75256
14 0.7508
15 0.75388
16 0.75908
17 0.76044
18 0.7631600000000001
19 0.76432
20 0.76688
21 0.76584
22 0.76736
23 0.7706
24 0.77428
25 0.7756000000000001
26 0.77632
27 0.77744
28 0.77828
29 0.7792399999999999
30 0.78104
31 0.7836
32 0.78352
33 0.784
34 0.78472
35 0.78744
36 0.78928
37 0.7916799999999999
38 0.79116
39 0.79264
40 0.79352
41 0.7948
42 0.79564
43 0.79732
44 0.79796
45 0.79896
46 0.80064
47 0.80032
48 0.8028
49 0.80336
50 0.8054399999999999
51 0.80688
52 0.80836
53 0.80832
54 0.81016
55 0.8114
56 0.8132
57 0.81412
58 0.81552
59 0.8168
60 0.81736
61 0.81992
62 0.8216
63 0.8227599999999999
64 0.82428
65 0.82528
66 0.82816
67 0.82928
68 0.82996
69 0.8314
70 0.83204
71 0.8328
72 0.83424
73 0.83676
74 0.8384
75 0.8386
76 0.83928
77 0.841
78 0.8422000000000001
79 0.84348
80 0.84476
81 0.84456
82 0.8456
83 0.84672
84 0.84832
85 0.84912
86 0.84976
87 0.85048
88 0.8518
89 0.85252
90 0.85412
91 0.85548
92 0.85644
93 0.85748
94 0.85836
95 0.8592
96 0.86016
97 0.86124
98 0.86216
99 0.86312
100 0.86444
