1.0 0.6814 0.8210180623973727 0.7046223224351748 100
2.0 0.69292 0.7945588609204169 0.737680731779286 100
3.0 0.71072 0.7888426101224284 0.7628463322348347 100
4.0 0.68992 0.7912393973920749 0.7372891353073021 100
5.0 0.7057599999999999 0.7738021542651975 0.7715096901617085 100
6.0 0.70328 0.7923427991886409 0.7511116452349478 100
7.000000000000001 0.70092 0.788046904551759 0.7523322299127294 100
8.0 0.69644 0.7850279469949131 0.750030001200048 100
9.0 0.71376 0.7437377283274826 0.81438530197407 100
10.0 0.69196 0.7901890132119603 0.740433597914939 100
11.0 0.71328 0.7907388663967612 0.7640586797066015 100
12.0 0.71672 0.7874015748031497 0.7712716727340039 100
13.0 0.7134 0.7797392551930634 0.774761373496963 100
14.000000000000002 0.7110799999999999 0.7776533532412592 0.774041736330423 100
15.0 0.71528 0.7908889591901297 0.7662600380064979 100
16.0 0.7194400000000001 0.7841415218618656 0.7777017358302744 100
17.0 0.72332 0.7859163784973279 0.7806645016237822 100
18.0 0.71088 0.794710407527497 0.757621674040851 100
19.0 0.72296 0.7923427991886409 0.7739938080495357 100
20.0 0.71568 0.7983649485852973 0.7598322290438271 100
21.0 0.7239599999999999 0.7866582756450597 0.7807132596340016 100
22.0 0.7172799999999999 0.7947609359104781 0.7649938800489596 100
23.0 0.7232799999999999 0.7884445565787814 0.7781374501992032 100
24.0 0.71824 0.7827666103074707 0.7776049766718507 100
25.0 0.72768 0.7895900448487145 0.7823746635788946 100
26.0 0.72404 0.7964827322543647 0.771366862079605 100
27.0 0.72768 0.7927950783281538 0.7792531637678449 100
28.000000000000004 0.72836 0.7939028262940616 0.779010345257385 100
28.999999999999996 0.72836 0.7939028262940616 0.779010345257385 100
30.0 0.72112 0.7875504032258065 0.7763975155279503 100
31.0 0.72252 0.7940036841770945 0.7718908237618871 100
32.0 0.7214 0.7901390644753477 0.774233508826262 100
33.0 0.73036 0.8000512032770097 0.77557858162189 100
34.0 0.7297199999999999 0.7951148145792253 0.7794961336991768 100
35.0 0.72648 0.7910891715714196 0.7794475275924425 100
36.0 0.72412 0.7925940016485955 0.7751457273967506 100
37.0 0.7195199999999999 0.7860646459564835 0.7759155803848541 100
38.0 0.73048 0.8012820512820513 0.7745693394472674 100
39.0 0.7239599999999999 0.7993349533188387 0.7686158765295455 100
40.0 0.72848 0.7972955734149764 0.7759155803848541 100
