1.0 0.7139599999999999 0.7053379979686266 0.8663109016563865 10
29 0.7182 0.7062944965532828 0.8712622847982157 10
2.0 0.7126399999999999 0.6935967151259571 0.8826436943934473 10
3.0 0.7085600000000001 0.6808278867102396 0.8976016085020825 10
4.0 0.7174400000000001 0.6908367414612578 0.8947745168217609 10
57 0.72008 0.6940973957465711 0.89355922510544 10
5.0 0.71712 0.6918691537056512 0.8925383791503034 10
6.0 0.7166 0.6920606798804119 0.8913927119731869 10
7.000000000000001 0.71528 0.6937121926854987 0.8865877012554082 10
8.0 0.71528 0.6937121926854987 0.8865877012554082 10
9.0 0.71492 0.7019317160826595 0.872965989245059 10
58 0.7190799999999999 0.7059355057321963 0.8731489242805253 10
10.0 0.71572 0.7003585835948005 0.8766393155200224 10
11.0 0.7168 0.7014590347923682 0.876577840112202 10
12.0 0.7196 0.6913334439466844 0.8974082848732859 10
13.0 0.71924 0.689008929555727 0.9007710600273834 10
14.000000000000002 0.7166399999999999 0.6905314329908298 0.894006579888428 10
15.0 0.7166399999999999 0.6905314329908298 0.894006579888428 10
16.0 0.7178800000000001 0.6901882833637016 0.896571510543681 10
17.0 0.7183200000000001 0.6923289947382997 0.8936869950668478 10
18.0 0.71768 0.7054574185902139 0.8717483785480159 10
19.0 0.7172799999999999 0.701419673419 0.8773776935495192 10
20.0 0.71936 0.6908749240037584 0.8977950154420743 10
21.0 0.7192000000000001 0.6935197514425211 0.8931123178050872 10
22.0 0.71984 0.6927894474311367 0.8953513358641931 10
23.0 0.72048 0.6937506937506938 0.8947745168217609 10
24.0 0.71836 0.7026814323458317 0.8770698849284311 10
25.0 0.72 0.6940203209149964 0.89355922510544 10
26.0 0.71924 0.6935582311490873 0.8931123178050872 10
27.0 0.7196 0.6939047407571889 0.8931123178050872 10
28.000000000000004 0.7182 0.7062944965532828 0.8712622847982157 10
30.0 0.7190799999999999 0.6901501766784452 0.898569477391992 10
31.0 0.72028 0.6947146112377035 0.8928571428571429 10
32.0 0.71828 0.6915629322268326 0.8949026345933563 10
33.0 0.7196400000000001 0.6939817899178325 0.8930485103950847 10
34.0 0.71948 0.6937506937506938 0.8931761343336906 10
35.0 0.71712 0.7032744458197367 0.8742481465939292 10
36.0 0.71872 0.6912187569121876 0.8961858330943504 10
37.0 0.71992 0.6926358951626309 0.8957362952346829 10
38.0 0.7203999999999999 0.6916394621811542 0.8981820794711504 10
39.0 0.7175199999999999 0.7048209754722301 0.8724785370279892 10
40.0 0.71956 0.6914099231152165 0.8972150445018662 10
41.0 0.7207600000000001 0.6919457514530861 0.898246622592699 10
42.0 0.7188 0.7062545906548393 0.8722350150024423 10
43.0 0.7188 0.6916011950868651 0.8956721123531097 10
44.0 0.72016 0.6941359395824078 0.8936231055190162 10
45.0 0.7190799999999999 0.7064541652537584 0.8723567590201688 10
46.0 0.71968 0.6934812760055479 0.8939426446399199 10
47.0 0.71976 0.6919074504594266 0.896700143472023 10
48.0 0.71992 0.6919840566873339 0.8968288133161142 10
49.0 0.7199599999999999 0.694058856191005 0.8934314916732184 10
50.0 0.71816 0.7046223224351748 0.8737592618481755 10
51.0 0.7196 0.6909894969596462 0.8979885057471264 10
52.0 0.72004 0.6945216135126125 0.892793371902007 10
53.0 0.7203999999999999 0.6942515967786725 0.8938148015731141 10
54.0 0.7203999999999999 0.6926358951626309 0.8965072079179517 10
