29 0.74312 0.7393824677629244 0.8611187655001378 20
57 0.7458 0.7347754526216788 0.871505263891794 20
58 0.7456400000000001 0.7377678097149265 0.8670921198668147 20
1.0 0.73212 0.7317215945676989 0.8553441905022581 20
2.0 0.7257199999999999 0.7300122642060387 0.848377901452423 20
3.0 0.72112 0.7122912986494957 0.8666712889135408 20
4.0 0.73568 0.7407407407407407 0.8484354849657232 20
5.0 0.7374 0.7463577740625746 0.8436255652291287 20
6.0 0.73996 0.7396449704142012 0.8561057461817684 20
7.000000000000001 0.73424 0.7338695473492632 0.8555198138388885 20
8.0 0.73424 0.7338695473492632 0.8555198138388885 20
9.0 0.73732 0.734128149409761 0.859697386519945 20
10.0 0.736 0.7389890629618682 0.8512087163772557 20
11.0 0.74332 0.7417517208639924 0.8582217645039478 20
12.0 0.74228 0.7432512783921988 0.8547008547008547 20
13.0 0.74308 0.7369413984199976 0.864393887006431 20
14.000000000000002 0.7410399999999999 0.7399514591842775 0.8572800219463685 20
15.0 0.7410399999999999 0.7399514591842775 0.8572800219463685 20
16.0 0.74072 0.7364637954398162 0.861534220139224 20
17.0 0.73844 0.7436934792955735 0.8485506754463377 20
18.0 0.7438 0.7368110816386678 0.8656509695290858 20
19.0 0.74092 0.737506637559738 0.8604074889867841 20
20.0 0.74288 0.733740314627847 0.868538076709283 20
21.0 0.74184 0.7333528894103842 0.8675133597057395 20
22.0 0.73924 0.7326222013831907 0.864633049733693 20
23.0 0.7409600000000001 0.7317644303945674 0.8684173961372794 20
24.0 0.7438 0.7402582020608789 0.86094083614574 20
25.0 0.7409600000000001 0.733740314627847 0.8656509695290858 20
26.0 0.74332 0.7392512862972381 0.8615936035290874 20
27.0 0.7420800000000001 0.7310369027428505 0.8711408460519897 20
28.000000000000004 0.74312 0.7393824677629244 0.8611187655001378 20
30.0 0.7410399999999999 0.7363336475023563 0.8621878879845496 20
31.0 0.744 0.7336111274135806 0.8704129238910939 20
32.0 0.7438 0.7399514591842775 0.8613561190738699 20
33.0 0.7416 0.7362902750780468 0.8630808534143478 20
34.0 0.74256 0.7362902750780468 0.8645134518293105 20
35.0 0.7434000000000001 0.7360734895771994 0.8660708099494214 20
36.0 0.7438 0.7405651993601516 0.8605259534627564 20
37.0 0.7425999999999999 0.7417517208639924 0.8571624494274155 20
38.0 0.74276 0.7359434795407712 0.8652914301536757 20
39.0 0.74388 0.7354671687455872 0.8676337891302839 20
40.0 0.7429600000000001 0.7403458895996209 0.8595791500481365 20
41.0 0.74368 0.7342575187969925 0.8690211345939933 20
42.0 0.74064 0.7355537248440626 0.862663906142167 20
43.0 0.746 0.7432512783921988 0.8601706578585191 20
44.0 0.74516 0.7358135154226513 0.8690815546130849 20
45.0 0.743 0.7349914740989004 0.8669718407546123 20
46.0 0.7425200000000001 0.7354238983350003 0.8656509695290858 20
47.0 0.742 0.742104013298504 0.8558126797206628 20
48.0 0.74536 0.7356403013182674 0.8696257130930848 20
49.0 0.74636 0.7451564828614009 0.8581628449814637 20
50.0 0.74588 0.7353806330156489 0.8707767328456983 20
51.0 0.7464 0.7342575187969925 0.8731489242805253 20
52.0 0.7464 0.7326651427231698 0.8754114433783878 20
53.0 0.74484 0.7354238983350003 0.8691419830343485 20
54.0 0.7457199999999999 0.7326651427231698 0.8743704532736429 20
56.00000000000001 0.7458 0.7347754526216788 0.871505263891794 20
59.0 0.74604 0.7315074906367042 0.8765163733258537 20
60.0 0.74424 0.7344300822561692 0.8696257130930848 20
61.0 0.74508 0.7348618459729571 0.8702917217851424 20
62.0 0.7458400000000001 0.7371586955239724 0.8682364381468362 20
63.0 0.7457199999999999 0.742104013298504 0.861296768414525 20
64.0 0.74468 0.7349482596425212 0.8695652173913043 20
65.0 0.74632 0.7342143906020558 0.8730879374170566 20
66.0 0.74444 0.7372456502506636 0.8660108078148815 20
67.0 0.74596 0.7365505862942667 0.8692628650904033 20
68.0 0.74588 0.7346890795815211 0.8717483785480159 20
69.0 0.74612 0.7410920732791842 0.8632596685082873 20
70.0 0.74412 0.7341712674732762 0.8698072507132419 20
71.0 0.74576 0.7363336475023563 0.8692628650904033 20
72.0 0.74628 0.7371586955239724 0.8689003197553177 20
73.0 0.74536 0.737724268177526 0.8667313826099016 20
74.0 0.74596 0.7364204076823377 0.8694442512346109 20
75.0 0.74604 0.7381163271331562 0.8672124323574303 20
76.0 0.74568 0.7345595580889699 0.8716268042674848 20
77.0 0.7457199999999999 0.7361601884570083 0.8694442512346109 20
78.0 0.747 0.7374196212612825 0.8696257130930848 20
79.0 0.74536 0.7363770250368189 0.8685984295740393 20
80.0 0.74464 0.7367676529529648 0.8669718407546123 20
81.0 0.7458 0.7345163944059231 0.8718699867475762 20
82.0 0.74732 0.7398200757575758 0.8667914846404549 20
83.0 0.74648 0.7350779182593354 0.8721133049605805 20
84.0 0.74676 0.7381163271331562 0.8682967490969714 20
85.0 0.7457199999999999 0.7362469077629874 0.8693233187287016 20
86.0 0.7454799999999999 0.7374196212612825 0.8673327782403553 20
87.0 0.74724 0.7363770250368189 0.8714445064138315 20
88.0 0.74576 0.7353806330156489 0.8705947903607745 20
89.0 0.74672 0.7369413984199976 0.8698677800974252 20
90.0 0.7468 0.7346890795815211 0.8731489242805253 20
91.0 0.7450399999999999 0.7352508675960238 0.8696862172128296 20
92.0 0.7465200000000001 0.7359434795407712 0.870958751393534 20
93.0 0.74672 0.7366808109382367 0.8702311333890281 20
94.0 0.7462 0.7378113563923976 0.8678747483163229 20
95.0 0.7468 0.7374631268436578 0.8692628650904033 20
96.0 0.74628 0.7348186467579801 0.8721741557354172 20
97.0 0.74588 0.7368110816386678 0.8687795385043091 20
98.0 0.7456400000000001 0.7367676529529648 0.8684777322309456 20
99.0 0.74664 0.7363336475023563 0.8705947903607745 20
100.0 0.74676 0.7366373976074018 0.8703523186185768 20
