1.0 0.73112 0.7299696332632563 0.8562816824222497 20
2.0 0.7258 0.7306096206674849 0.8476875084768751 20
3.0 0.72068 0.713144682793245 0.8647526807333102 20
4.0 0.73492 0.7406529596492267 0.847457627118644 20
5.0 0.73472 0.744402096236303 0.8423180592991913 20
6.0 0.74024 0.7401267096926993 0.8558712769599452 20
7.000000000000001 0.72896 0.7275478726500204 0.8564576909900651 20
8.0 0.7334 0.7329228965112871 0.8555783709787816 20
9.0 0.73744 0.7339126350399249 0.8601706578585191 20
10.0 0.73596 0.7392950082801041 0.8507452528414892 20
11.0 0.74212 0.7406968475942166 0.8578683686775102 20
12.0 0.74184 0.7431187206468105 0.8542335816305611 20
13.0 0.743 0.7369848475915335 0.8642146017699115 20
14.000000000000002 0.74248 0.7388143507299486 0.86094083614574 20
15.0 0.74112 0.740433597914939 0.8567511994516792 20
16.0 0.73992 0.7363336475023563 0.8605259534627564 20
17.0 0.73864 0.7437377283274826 0.8487811502682149 20
18.0 0.74428 0.7373761208117037 0.8655910255522471 20
19.0 0.74068 0.7371152258521052 0.8605851979345955 20
20.0 0.74188 0.7331808317203355 0.8678144959733407 20
21.0 0.7416400000000001 0.7334819856824316 0.8670319761392801 20
22.0 0.73908 0.7322788517867604 0.8648723448419013 20
23.0 0.74152 0.732965873108948 0.8675735702387563 20
24.0 0.7437199999999999 0.7402582020608789 0.8608222574202878 20
25.0 0.74068 0.7334819856824316 0.8655910255522471 20
26.0 0.74316 0.7392950082801041 0.861296768414525 20
27.0 0.74132 0.7306096206674849 0.8705947903607745 20
28.000000000000004 0.7412799999999999 0.7398638650488311 0.8577506347354698 20
28.999999999999996 0.7412799999999999 0.7398638650488311 0.8577506347354698 20
30.0 0.7414000000000001 0.7366373976074018 0.8623068432671082 20
31.0 0.7436400000000001 0.732965873108948 0.8707767328456983 20
32.0 0.7432799999999999 0.7395574488226245 0.8611187655001378 20
33.0 0.74156 0.7357268981753973 0.8637965586345104 20
34.0 0.74288 0.7364637954398162 0.8647526807333102 20
35.0 0.7430399999999999 0.7357702042498087 0.8659508139937652 20
