1.0 0.70496 0.7270400744489036 0.8232892050319436 30
29 0.74612 0.7452897686620558 0.8576329331046312 30
2.0 0.6832400000000001 0.8366240546148183 0.6952942485259762 30
3.0 0.71356 0.7446238160481324 0.8130610120983479 30
4.0 0.7243200000000001 0.7307377528352624 0.8453942918977411 30
57 0.75144 0.7522869523350987 0.8562816824222497 30
5.0 0.73152 0.7271669575334497 0.860762980305743 30
6.0 0.73344 0.7379855945211949 0.848838788537281 30
7.000000000000001 0.73096 0.7431629013079667 0.8385884878572387 30
8.0 0.73096 0.7431629013079667 0.8385884878572387 30
9.0 0.7377199999999999 0.7495802350683617 0.8399973120086016 30
58 0.7516 0.7470714797991872 0.8633789197402956 30
10.0 0.7450399999999999 0.7525133947384264 0.8467113730271625 30
11.0 0.73888 0.7414437392490658 0.8521371599972731 30
12.0 0.7416 0.7417957391252744 0.855636936135259 30
13.0 0.73488 0.7343869337876741 0.8557540905045526 30
14.000000000000002 0.7408 0.7408285426420909 0.8557540905045526 30
15.0 0.7408 0.7408285426420909 0.8557540905045526 30
16.0 0.7340800000000001 0.74360499702558 0.8424315945545222 30
17.0 0.74 0.7429420505200595 0.8517887563884157 30
18.0 0.74352 0.7367242293864561 0.8653513326410522 30
