1.0 0.69564 0.7405651993601516 0.7946598855689765 40
29 0.7400800000000001 0.758173106083581 0.8327226700419692 40
2.0 0.7018 0.7706535141800247 0.769941484447182 40
3.0 0.71624 0.7604331427180923 0.7984159427695452 40
4.0 0.71696 0.7568418503269557 0.8033419023136247 40
57 0.7512 0.7617770735571943 0.8439673215853082 40
5.0 0.7125600000000001 0.7560179025039313 0.7986199846664963 40
6.0 0.73204 0.757621674040851 0.8223684210526315 40
7.000000000000001 0.73272 0.7616378259809895 0.8185985592665357 40
8.0 0.73272 0.7616378259809895 0.8185985592665357 40
9.0 0.7392799999999999 0.7591400461557148 0.8304544246611746 40
58 0.7494799999999999 0.7623810685533057 0.8407883231317683 40
10.0 0.73524 0.7572086261206687 0.8272119647938588 40
11.0 0.7367600000000001 0.7487720138972086 0.8396587626788473 40
12.0 0.73396 0.7544209065121613 0.8288025460814216 40
13.0 0.7316 0.753829453624412 0.8262823902696985 40
14.000000000000002 0.74288 0.7639652854174306 0.8296827293243064 40
15.0 0.74288 0.7639652854174306 0.8296827293243064 40
16.0 0.74236 0.7628463322348347 0.8302889405513119 40
17.0 0.74156 0.7530574130971746 0.8410711882653747 40
18.0 0.74568 0.7630325967525333 0.8346688034188035 40
