29 0.74908 0.7652748867393168 0.8367360599772408 50
57 0.751 0.7666360012266176 0.8378016085790885 50
58 0.75208 0.7637318995539806 0.8428292090890702 50
1.0 0.66876 0.7468036802485363 0.7556066009792661 50
2.0 0.6976 0.7406090769048466 0.7970922076265783 50
3.0 0.71716 0.7550132882338729 0.8056719303899452 50
4.0 0.72496 0.7656967840735069 0.8038068291428204 50
5.0 0.71412 0.7426772027805835 0.8161399843301123 50
6.0 0.73712 0.7668711656441718 0.8184913567312729 50
7.000000000000001 0.7285200000000001 0.7585411736149038 0.8165665011758557 50
8.0 0.7285200000000001 0.7585411736149038 0.8165665011758557 50
9.0 0.73752 0.7669182158414627 0.8189739893860971 50
10.0 0.7372799999999999 0.7617770735571943 0.8245926512302922 50
11.0 0.73912 0.7512470701364264 0.8398844319021702 50
12.0 0.74224 0.7717002099024571 0.8198871835235472 50
13.0 0.73532 0.7629860220960752 0.8205330182486543 50
14.000000000000002 0.74576 0.7700363457155178 0.8265555775970376 50
15.0 0.74576 0.7700363457155178 0.8265555775970376 50
16.0 0.73636 0.7640119797078418 0.8207485226526592 50
17.0 0.74268 0.7645727567435318 0.8286926544683108 50
18.0 0.74072 0.7663070132417852 0.8239947264337508 50
19.0 0.74132 0.7601556798832401 0.8320575118152167 50
20.0 0.7421599999999999 0.7667770825665563 0.8254094030639197 50
21.0 0.74724 0.7724154977445468 0.8258456659619451 50
22.0 0.7474799999999999 0.7709862456053784 0.8278145695364238 50
23.0 0.74228 0.7633121641426478 0.8296276631047985 50
24.0 0.74624 0.7687576875768758 0.8286926544683108 50
25.0 0.74604 0.7649938800489596 0.8328336331534413 50
26.0 0.74868 0.7658844433551866 0.835449806175645 50
27.0 0.74516 0.7697044334975369 0.8261185645363822 50
28.000000000000004 0.74908 0.7652748867393168 0.8367360599772408 50
30.0 0.74936 0.7633587786259542 0.839433214693439 50
31.0 0.74908 0.7712716727340039 0.8296827293243064 50
32.0 0.74856 0.7642455368060651 0.8372404554588078 50
33.0 0.7474799999999999 0.761266747868453 0.8393204861344256 50
34.0 0.75264 0.7695148978084215 0.8366800535475234 50
35.0 0.7478 0.7711289327575571 0.8280887711162637 50
36.0 0.7504 0.7696096539834996 0.8334444592612348 50
37.0 0.74856 0.7763492950748401 0.8231807704972012 50
38.0 0.75176 0.767860433687573 0.837408722449253 50
39.0 0.75192 0.7719861660079052 0.832778147901399 50
40.0 0.74936 0.7696570408226094 0.831946755407654 50
41.0 0.749 0.7677661077329402 0.8336668000533547 50
42.0 0.7502 0.7714620749243967 0.8310065150910784 50
43.0 0.74832 0.7646195253241986 0.836456102783726 50
44.0 0.75168 0.7707960781895542 0.8338336335134414 50
45.0 0.7497199999999999 0.7680963500061447 0.834278849362611 50
46.0 0.75316 0.7743774005699418 0.8317253310266818 50
47.0 0.75152 0.7674832688647387 0.8375209380234506 50
48.0 0.75164 0.7677661077329402 0.837352625937835 50
49.0 0.749 0.76247407588142 0.8399973120086016 50
50.0 0.75348 0.7763492950748401 0.8299030673217368 50
51.0 0.75592 0.7716525711463671 0.8387572971884856 50
52.0 0.75108 0.7684268764984324 0.8357849692431132 50
53.0 0.75372 0.7729886834456744 0.8341118377152008 50
54.0 0.75256 0.7680019660850331 0.8383635144198525 50
56.00000000000001 0.751 0.7666360012266176 0.8378016085790885 50
59.0 0.7525999999999999 0.7613594834937264 0.8464820207218798 50
60.0 0.75692 0.7725587144622992 0.8390951198227831 50
61.0 0.7534 0.7715573112770817 0.8353381448810479 50
62.0 0.75376 0.766447973511558 0.8419209267865562 50
63.0 0.75564 0.7636852394916911 0.8479750356149515 50
64.0 0.75684 0.769941484447182 0.8420910805712746 50
65.0 0.7587200000000001 0.7717478545409644 0.8426019548365352 50
66.0 0.75576 0.7726542217826678 0.837352625937835 50
67.0 0.75912 0.7724154977445468 0.8423748231012872 50
68.0 0.757 0.7714144655640582 0.8405621679779437 50
69.0 0.75688 0.7691834348655467 0.8430565859580496 50
70.0 0.7574 0.7690414667158854 0.8439673215853082 50
71.0 0.75968 0.7773148436042535 0.837408722449253 50
72.0 0.75696 0.7743774005699418 0.8370162046337217 50
73.0 0.75768 0.7670594010800197 0.8467687305243192 50
74.0 0.75608 0.7709386949549771 0.8398280032249396 50
75.0 0.75612 0.7645727567435318 0.8475725522104692 50
76.0 0.75864 0.7727019842986956 0.8413542437908057 50
77.0 0.75728 0.7697992363591575 0.8428860418071477 50
78.0 0.75832 0.7691361063253753 0.8451656524678837 50
79.0 0.75896 0.7707960781895542 0.8440813019110001 50
80.0 0.76036 0.7794475275924425 0.8358967500334359 50
81.0 0.75976 0.7703210698219017 0.8457947087083023 50
82.0 0.75508 0.7696096539834996 0.8399973120086016 50
83.0 0.75764 0.7680963500061447 0.8454514710855597 50
84.0 0.7587200000000001 0.7701312303616537 0.8445375312478887 50
85.0 0.75752 0.7716525711463671 0.8410146000134562 50
86.0 0.7576 0.7725109696557692 0.8401102224611869 50
87.0 0.7572 0.7662600380064979 0.8470556346140814 50
88.0 0.75968 0.7685213648939441 0.847860001356576 50
89.0 0.7602800000000001 0.7691834348655467 0.8479175145841813 50
90.0 0.75976 0.7706535141800247 0.8453942918977411 50
91.0 0.7582 0.7711289327575571 0.8426019548365352 50
92.0 0.7570399999999999 0.7696096539834996 0.8427723840345199 50
93.0 0.75864 0.7704160246533128 0.8440813019110001 50
94.0 0.75952 0.7729886834456744 0.8422613031466882 50
95.0 0.75732 0.7693254554406697 0.8435117079425063 50
