1.0 0.66176 0.7432512783921988 0.7512922226229114 50
2.0 0.70732 0.7630325967525333 0.7844367743959837 50
3.0 0.71176 0.754557527465894 0.7992327365728901 50
4.0 0.7240800000000001 0.7680019660850331 0.8001536294968634 50
5.0 0.7118800000000001 0.7418397626112759 0.8141731257734645 50
6.0 0.72908 0.7653686015184913 0.8095330613302247 50
7.000000000000001 0.7277199999999999 0.7674361493123772 0.8054642696050003 50
8.0 0.72584 0.7598322290438271 0.8115302213854444 50
9.0 0.7358 0.7662600380064979 0.8174208736594297 50
10.0 0.7314 0.7608960311663014 0.8176882318309675 50
11.0 0.73428 0.7508409418548775 0.8336112037345782 50
12.0 0.7402 0.771366862079605 0.8175277959450621 50
13.0 0.73168 0.764525993883792 0.8139080609454356 50
14.000000000000002 0.72784 0.7495802350683617 0.8262823902696985 50
15.0 0.7410399999999999 0.7669652718124923 0.8236689509752241 50
16.0 0.733 0.7627066935139423 0.8177417244537485 50
17.0 0.74368 0.7644324853228963 0.8302337938363443 50
18.0 0.73708 0.7656967840735069 0.8197796432318992 50
19.0 0.73788 0.7601556798832401 0.8273214640280627 50
20.0 0.74028 0.7663070132417852 0.8233976681378038 50
21.0 0.74684 0.7735148514851485 0.8240490473993012 50
22.0 0.7465200000000001 0.7725109696557692 0.8247558722618105 50
23.0 0.74048 0.7639185968343213 0.8264462809917356 50
24.0 0.74376 0.7670594010800197 0.8272667107875579 50
25.0 0.7436 0.7646662996268428 0.8298479718515568 50
26.0 0.7442 0.7645727567435318 0.8307855908547123 50
27.0 0.74508 0.7713192644699494 0.8241577108195425 50
28.000000000000004 0.74824 0.7627532340737124 0.8385884878572387 50
28.999999999999996 0.74824 0.7627532340737124 0.8385884878572387 50
30.0 0.74936 0.7627532340737124 0.8401666890711117 50
31.0 0.7470399999999999 0.7717478545409644 0.8263370132874992 50
32.0 0.74656 0.7641988139634407 0.8345016356232058 50
33.0 0.7440800000000001 0.7608960311663014 0.8350033400133601 50
34.0 0.75008 0.7681435506667486 0.8347245409015025 50
35.0 0.74628 0.7714144655640582 0.8256820133430214 50
36.0 0.74916 0.7697992363591575 0.8315040244794785 50
37.0 0.7444 0.7730842971117571 0.8212338216937126 50
38.0 0.7485999999999999 0.7671064743786438 0.8338892595063375 50
39.0 0.75004 0.7705110028971214 0.8318913882603487 50
40.0 0.74812 0.7689941556444171 0.8310065150910784 50
41.0 0.74684 0.7672948253636978 0.8312275568559649 50
