1.0 0.64708 0.8318360284820656 0.6650351138540115 60
2.0 0.70704 0.7808595702148926 0.766119146849718 60
29 0.74448 0.776735226495992 0.8172605426610003 60
3.0 0.723 0.7781858930461308 0.788046904551759 60
4.0 0.7203999999999999 0.7612203885268863 0.8028775130066157 60
5.0 0.7123999999999999 0.7477418197044924 0.8078588509015705 60
57 0.75088 0.7721769211761799 0.8311170212765957 60
6.0 0.71636 0.7624275693809088 0.79638124362895 60
7.000000000000001 0.72824 0.7828646583578631 0.7897896000505465 60
8.0 0.72824 0.7828646583578631 0.7897896000505465 60
9.0 0.73848 0.7820320320320321 0.8036517937508036 60
10.0 0.72288 0.7606645165216332 0.8067118425298483 60
58 0.74888 0.7754823500217135 0.8245926512302922 60
11.0 0.73472 0.7698940625769894 0.8118991945959989 60
12.0 0.73376 0.7637318995539806 0.8175812675779972 60
13.0 0.73028 0.7603406326034063 0.8168333006600013 60
14.000000000000002 0.7369600000000001 0.7826685868135996 0.8010253123998718 60
15.0 0.7369600000000001 0.7826685868135996 0.8010253123998718 60
16.0 0.73044 0.7647130796525143 0.8120574287013578 60
17.0 0.737 0.7741855567942525 0.8101626806662778 60
18.0 0.73668 0.7640119797078418 0.8211798712389962 60
19.0 0.73776 0.765181194906954 0.8212877792378449 60
20.0 0.73916 0.7714144655640582 0.8160867010511197 60
21.0 0.7394000000000001 0.7721769211761799 0.8155542506687545 60
22.0 0.74256 0.7735148514851485 0.8182770358732653 60
23.0 0.73992 0.7744733581164808 0.8136961333159745 60
24.0 0.74388 0.7812988311769485 0.8114775383017399 60
25.0 0.74716 0.7760119195430841 0.8216656806678498 60
26.0 0.7402 0.7717955050629786 0.8170468658082227 60
27.0 0.7445999999999999 0.765181194906954 0.8306199747491527 60
28.000000000000004 0.74448 0.776735226495992 0.8172605426610003 60
30.0 0.74112 0.7667300496841072 0.8240490473993012 60
31.0 0.7485999999999999 0.7750015500031 0.8247558722618105 60
32.0 0.74248 0.7735148514851485 0.8181699175284723 60
33.0 0.74476 0.7666830225711482 0.8290774026663129 60
34.0 0.7468 0.7762046696472926 0.8209641402863523 60
35.0 0.74628 0.7677661077329402 0.8299030673217368 60
36.0 0.74736 0.7859657947686117 0.8110563197508435 60
37.0 0.74756 0.7763492950748401 0.821827744904668 60
38.0 0.75052 0.7759155803848541 0.8263370132874992 60
39.0 0.74516 0.771033802121885 0.8245926512302922 60
40.0 0.74108 0.7730842971117571 0.8167799268165186 60
41.0 0.7481599999999999 0.779010345257385 0.819672131147541 60
42.0 0.74612 0.7738500588126045 0.82269316835593 60
43.0 0.7476 0.7751937984496124 0.8231807704972012 60
44.0 0.75032 0.7750015500031 0.8271024945411235 60
45.0 0.75308 0.7771698582442178 0.8284180528862085 60
46.0 0.7502 0.7747133560582584 0.8272667107875579 60
47.0 0.74924 0.77557858162189 0.824973600844773 60
48.0 0.74688 0.7740896705474363 0.8234519104084321 60
49.0 0.74776 0.7746173390345169 0.8240490473993012 60
50.0 0.74788 0.7776049766718507 0.820856317310218 60
51.0 0.7497199999999999 0.7738979692917286 0.8275405494869249 60
52.0 0.75044 0.776445741971551 0.8256274768824307 60
53.0 0.7472 0.7694201649636834 0.8292424041395781 60
54.0 0.74832 0.7693728072874992 0.8308408109006314 60
56.00000000000001 0.75088 0.7721769211761799 0.8311170212765957 60
59.0 0.7517199999999999 0.7827175954915466 0.8203714641989893 60
60.0 0.752 0.7751457273967506 0.8292424041395781 60
61.0 0.75048 0.7774115305678214 0.8245926512302922 60
62.0 0.75344 0.7730842971117571 0.8336112037345782 60
63.0 0.75124 0.7762046696472926 0.8269930532583526 60
64.0 0.75604 0.7822277847309136 0.8267742575567167 60
65.0 0.75072 0.7770249269596569 0.8253549026081215 60
66.0 0.75232 0.7770732313813253 0.8274857672448034 60
67.0 0.75696 0.7776049766718507 0.8332777814812345 60
68.0 0.75388 0.7753861422988648 0.8315593400745077 60
69.0 0.75048 0.7760600980939965 0.8261185645363822 60
70.0 0.75312 0.778961799713342 0.8264462809917356 60
71.0 0.75244 0.7790588968526021 0.8254094030639197 60
72.0 0.75196 0.7756748371082842 0.8285827919925759 60
