29 0.7490399999999999 0.7794475275924425 0.8203714641989893 70
57 0.7544 0.7811035430856714 0.8257911078813504 70
58 0.75288 0.781054736315921 0.8237775141689733 70
1.0 0.71696 0.7720338459638071 0.7869058860560277 70
2.0 0.69736 0.7152257252388854 0.8284180528862085 70
3.0 0.70452 0.764525993883792 0.7794475275924425 70
4.0 0.7036 0.7562923523717329 0.7870545271376401 70
5.0 0.7214400000000001 0.7762046696472926 0.7881462799495587 70
6.0 0.72116 0.7620092660326749 0.8029806642256054 70
7.000000000000001 0.73304 0.7713192644699494 0.8081199896560641 70
8.0 0.73304 0.7713192644699494 0.8081199896560641 70
9.0 0.7356 0.7776049766718507 0.804634695848085 70
10.0 0.72804 0.762660158633313 0.8112142254526575 70
11.0 0.7363999999999999 0.7658844433551866 0.8186521710655577 70
12.0 0.738 0.7805182641273806 0.804634695848085 70
13.0 0.7328399999999999 0.7705110028971214 0.8087474120082816 70
14.000000000000002 0.7306 0.7758674197753088 0.8000512032770097 70
15.0 0.7306 0.7758674197753088 0.8000512032770097 70
16.0 0.7381599999999999 0.7681907571288102 0.8183841822705251 70
17.0 0.73836 0.7833552672808172 0.8021047227926078 70
18.0 0.74204 0.7841907151819323 0.8059836224127925 70
19.0 0.74532 0.7787191627211563 0.8161932745674175 70
20.0 0.7405999999999999 0.7784766768387619 0.810215193155302 70
21.0 0.73944 0.7711765068788945 0.8167265599477295 70
22.0 0.73988 0.7768800497203232 0.8110036981768637 70
23.0 0.73392 0.7680019660850331 0.812955254942768 70
24.0 0.7432799999999999 0.779836546259904 0.8122685034765091 70
25.0 0.75056 0.7818363772829622 0.8197796432318992 70
26.0 0.74888 0.7801772562726251 0.819349764027268 70
27.0 0.74588 0.7784766768387619 0.8172071129707112 70
28.000000000000004 0.7490399999999999 0.7794475275924425 0.8203714641989893 70
30.0 0.74692 0.7805182641273806 0.8163531870428422 70
31.0 0.75052 0.7786706534604124 0.8232349841938883 70
32.0 0.7494000000000001 0.7841907151819323 0.8156606851549756 70
33.0 0.7454000000000001 0.778816199376947 0.8161932745674175 70
34.0 0.7445999999999999 0.7799825283913641 0.8138550686893677 70
35.0 0.74872 0.781934192418366 0.8172071129707112 70
36.0 0.7457199999999999 0.773706362961129 0.822314321426222 70
37.0 0.75196 0.7850279469949131 0.8181699175284723 70
38.0 0.74768 0.777992157839049 0.8201561577324322 70
39.0 0.7541599999999999 0.7823256978345224 0.8241033755274262 70
40.0 0.74648 0.7821788373693761 0.8139610601028847 70
41.0 0.75012 0.7816408204102051 0.8194034742707309 70
42.0 0.75068 0.7783797247649293 0.8237775141689733 70
43.0 0.74592 0.7781374501992032 0.8176347462061748 70
44.0 0.75392 0.7811035430856714 0.8251369727374744 70
45.0 0.7488 0.7853732093490827 0.8135902108825827 70
46.0 0.7522 0.7791560182010846 0.824973600844773 70
47.0 0.7538400000000001 0.7850772516015576 0.820640756302521 70
48.0 0.75376 0.7851265624018592 0.8204791598293404 70
49.0 0.7527200000000001 0.7815919464765835 0.8229639870959247 70
50.0 0.7517199999999999 0.7784281977830365 0.8251369727374744 70
51.0 0.7522 0.779836546259904 0.8242120532770671 70
52.0 0.749 0.7780890133831311 0.821827744904668 70
53.0 0.7528 0.7887928314507477 0.8152351138068219 70
54.0 0.75508 0.7816408204102051 0.8261185645363822 70
56.00000000000001 0.7544 0.7811035430856714 0.8257911078813504 70
59.0 0.75376 0.7775082415873609 0.8289674381590291 70
60.0 0.75732 0.7873519778281683 0.8228556382068329 70
61.0 0.7530399999999999 0.7791560182010846 0.8261185645363822 70
62.0 0.7550399999999999 0.7877489286614571 0.819349764027268 70
63.0 0.75076 0.7818852817914556 0.819994752033587 70
64.0 0.75084 0.7804695304695305 0.8216656806678498 70
65.0 0.75484 0.7850279469949131 0.8220439300276207 70
66.0 0.75332 0.7881462799495587 0.8166198471287646 70
67.0 0.7558400000000001 0.785323867562983 0.8230723645222888 70
68.0 0.75612 0.7856693903205532 0.8230723645222888 70
69.0 0.75552 0.7846829880728186 0.8233434330127782 70
70.0 0.75636 0.781445361340335 0.8280887711162637 70
71.0 0.759 0.7854719115244438 0.8272119647938588 70
72.0 0.75388 0.7806645016237822 0.8255729476256523 70
73.0 0.75676 0.7824236354531797 0.8275405494869249 70
74.0 0.7561599999999999 0.7824236354531797 0.8267195767195767 70
75.0 0.75536 0.7858669684395826 0.821827744904668 70
76.0 0.75756 0.7829627309740056 0.8280339162692104 70
77.0 0.75676 0.7791560182010846 0.8312275568559649 70
78.0 0.75332 0.7817385866166354 0.8236146801080583 70
79.0 0.75644 0.781934192418366 0.8276501357346222 70
80.0 0.75624 0.7854225573358466 0.8235061598260754 70
81.0 0.7547200000000001 0.781787478891738 0.8254639107178234 70
82.0 0.7604 0.7832570963092925 0.8316146630297385 70
83.0 0.75792 0.78315894994048 0.8283082632032337 70
84.0 0.7578 0.7826195842724768 0.8287475966319697 70
85.0 0.75848 0.7857187755358602 0.8262277744728667 70
86.0 0.75852 0.7842891203413226 0.8278693953241937 70
87.0 0.75832 0.7834534628643058 0.8285278716776032 70
88.0 0.75492 0.779836546259904 0.8279242283746192 70
89.0 0.75648 0.7866582756450597 0.8224766416633768 70
90.0 0.7567200000000001 0.7794475275924425 0.8308408109006314 70
91.0 0.75624 0.7812988311769485 0.8280887711162637 70
92.0 0.75852 0.7816897004565068 0.8307855908547123 70
93.0 0.76132 0.7837973413594181 0.8322791131233771 70
94.0 0.7570399999999999 0.7822277847309136 0.8281436332317477 70
95.0 0.75516 0.7808107939284152 0.8271572260455268 70
96.0 0.761 0.7816897004565068 0.8342231713828083 70
97.0 0.76064 0.7827666103074707 0.8325008325008325 70
98.0 0.7604 0.7827666103074707 0.8321682977165302 70
