1.0 0.7134400000000001 0.7733712800841428 0.781201174926567 70
2.0 0.69356 0.7106714423787595 0.8293524416135881 70
29 0.7462 0.7787191627211563 0.8173674230039888 70
3.0 0.70672 0.7635919364691509 0.7831098859792006 70
4.0 0.69872 0.7543753771876885 0.7831098859792006 70
5.0 0.71864 0.7772181806876827 0.7836499279042066 70
57 0.75176 0.779836546259904 0.8236146801080583 70
6.0 0.71776 0.7613594834937264 0.7993349533188387 70
7.000000000000001 0.7235199999999999 0.7691361063253753 0.7982120051085568 70
8.0 0.7235199999999999 0.7691361063253753 0.7982120051085568 70
9.0 0.7327600000000001 0.777992157839049 0.8005635967721276 70
10.0 0.72508 0.7643389996331172 0.8054642696050003 70
58 0.75176 0.7814942169427946 0.821773716389455 70
11.0 0.73048 0.7659313725490197 0.8107406926968478 70
12.0 0.73464 0.7770732313813253 0.8039619243632622 70
13.0 0.73392 0.7750496031746031 0.8052048441123422 70
14.000000000000002 0.7296 0.773323434793368 0.8014875609130546 70
15.0 0.7296 0.773323434793368 0.8014875609130546 70
16.0 0.73784 0.7673890355454601 0.8188666885031117 70
17.0 0.7352799999999999 0.7835025698884293 0.7980081716036772 70
18.0 0.741 0.7853732093490827 0.8033935342888361 70
