1.0 0.67668 0.7805670038716124 0.7323217528853477 90
2.0 0.6926 0.7572544980917186 0.7726542217826678 90
3.0 0.7010000000000001 0.7911893157794797 0.7495802350683617 90
4.0 0.71012 0.7556066009792661 0.7959755476311767 90
5.0 0.7158 0.7805182641273806 0.7768800497203232 90
6.0 0.7107600000000001 0.7820809610210849 0.7693254554406697 90
7.000000000000001 0.69748 0.7760119195430841 0.7596475235490733 90
8.0 0.69696 0.7860646459564835 0.74967014513614 90
9.0 0.70244 0.7839939789262419 0.7578053955744165 90
10.0 0.7086399999999999 0.7847322493565195 0.7642922653622746 90
11.0 0.72088 0.7921921541289055 0.7716525711463671 90
12.0 0.71808 0.7836990595611285 0.7764939744067586 90
13.0 0.72912 0.7823746635788946 0.7913896802785692 90
14.000000000000002 0.72744 0.7869554268446235 0.7846829880728186 90
15.0 0.71228 0.7942054768409683 0.7596936915035858 90
16.0 0.71704 0.7674361493123772 0.7918408716584315 90
17.0 0.7222 0.7852252025881022 0.7799825283913641 90
18.0 0.72224 0.7834534628643058 0.781787478891738 90
19.0 0.73056 0.791590146285859 0.7839448102853559 90
20.0 0.7228 0.7746653445711452 0.7914397872609852 90
21.0 0.72228 0.7831098859792006 0.7821788373693761 90
22.0 0.72512 0.792694527236984 0.7762528721356269 90
23.0 0.7234 0.7865592751069721 0.7801285651875429 90
24.0 0.73044 0.7938524069604979 0.7815919464765835 90
25.0 0.72888 0.7825215975960936 0.7909390027841053 90
26.0 0.7312000000000001 0.7885440322987636 0.7877489286614571 90
27.0 0.7300800000000001 0.7920917559090045 0.7828646583578631 90
30.0 0.72304 0.786460299484082 0.7797878976918278 90
31.0 0.73148 0.7940036841770945 0.7827175954915466 90
32.0 0.7342 0.7945083582279285 0.785570638511815 90
33.0 0.73104 0.787897888433659 0.7881959770477331 90
34.0 0.72984 0.787897888433659 0.786707785260243 90
35.0 0.728 0.7778953264048789 0.7946093700336915 90
36.0 0.7292000000000001 0.7789132602193419 0.7950642411906882 90
37.0 0.73344 0.7965842467499362 0.7826195842724768 90
38.0 0.7302 0.7873519778281683 0.7876992879198437 90
39.0 0.7369600000000001 0.7911893157794797 0.7922925778031311 90
40.0 0.7277199999999999 0.7895401718039414 0.7824726134585289 90
41.0 0.7341599999999999 0.7820809610210849 0.7980591202196259 90
42.0 0.7323999999999999 0.7822767382189123 0.7956209025523518 90
43.0 0.7365999999999999 0.7915400202634245 0.7914899005888685 90
44.0 0.73332 0.7903388973191705 0.7885937795722667 90
45.0 0.7363999999999999 0.7945083582279285 0.788295390048559 90
46.0 0.73908 0.7908889591901297 0.7952665733553888 90
47.0 0.73488 0.7892909010544926 0.791590146285859 90
48.0 0.73856 0.7927447995941147 0.7927447995941147 90
49.0 0.7302 0.7860152172546061 0.7890417876530741 90
50.0 0.7348 0.7849293563579278 0.795924864692773 90
51.0 0.74264 0.7976517133558803 0.7929962570576667 90
52.0 0.7405200000000001 0.7897896000505465 0.7982120051085568 90
53.0 0.73864 0.7908389219283817 0.7947609359104781 90
54.0 0.74028 0.7970922076265783 0.7905888305610018 90
55.00000000000001 0.73916 0.792443261062508 0.793801994030609 90
57.99999999999999 0.737 0.793046567694455 0.7904888382976032 90
59.0 0.74036 0.7953171724883884 0.792443261062508 90
60.0 0.73976 0.7938524069604979 0.7931472081218274 90
61.0 0.7388 0.7922925778031311 0.7934996508601536 90
62.0 0.73932 0.7886932929522368 0.797804442175134 90
63.0 0.73796 0.7917405624524956 0.7929962570576667 90
64.0 0.742 0.7953171724883884 0.7945083582279285 90
65.0 0.7372000000000001 0.7951653944020356 0.7886435331230284 90
66.0 0.73892 0.7939028262940616 0.7920415663414015 90
67.0 0.73968 0.7913896802785692 0.7955196334245529 90
68.0 0.7380800000000001 0.7958235181766091 0.7890915977526671 90
69.0 0.7377199999999999 0.7887928314507477 0.7956715467854869 90
70.0 0.74356 0.7929459528038569 0.7988751837412923 90
71.0 0.74212 0.7949631137115238 0.7950136742351969 90
72.0 0.74156 0.7966857871255577 0.7925940016485955 90
73.0 0.7405999999999999 0.7982120051085568 0.7898894154818326 90
74.0 0.7416400000000001 0.7904888382976032 0.7989262431292343 90
75.0 0.73832 0.7961276351824724 0.7890915977526671 90
76.0 0.74248 0.7937011873769764 0.79673656702148 90
77.0 0.74284 0.7932478740956974 0.7976517133558803 90
78.0 0.69104 0.9056658455296334 0.6606067011943769 90
79.0 0.74204 0.7904388516504364 0.799488327470419 90
80.0 0.74064 0.7911893157794797 0.7969397513547976 90
