29,0.7482800000000001,0.7781374501992032,0.820802416442314,60
57,0.75372,0.7720815318097591,0.8351707088928977,60
58,0.7534,0.7765904572564613,0.8295175525914128,60
1.0,0.65608,0.8177417244537485,0.6826124945391,60
2.0,0.69828,0.7701786814540974,0.7662600380064979,60
3.0,0.7252000000000001,0.7787191627211563,0.7902389682640031,60
4.0,0.72604,0.7666360012266176,0.8041688111168297,60
5.0,0.7156,0.7490861149397735,0.8104778577449264,60
6.0,0.7196,0.7641053854147564,0.7986710114369688,60
7.000000000000001,0.73192,0.779690618762475,0.797702616464582,60
8.0,0.73192,0.779690618762475,0.797702616464582,60
9.0,0.741,0.7823746635788946,0.8065556846044651,60
10.0,0.72824,0.7613594834937264,0.812955254942768,60
11.0,0.7452799999999999,0.7744253763707329,0.8209102252577658,60
12.0,0.74152,0.7664949717929851,0.8248647221855616,60
13.0,0.7332000000000001,0.760201909627197,0.8209102252577658,60
14.000000000000002,0.73944,0.7828156312625251,0.8040653544320082,60
15.0,0.73944,0.7828156312625251,0.8040653544320082,60
16.0,0.73436,0.7637785653183429,0.8183306055646481,60
17.0,0.74168,0.7732277619695658,0.8174208736594297,60
18.0,0.74056,0.7647598654022637,0.8255729476256523,60
19.0,0.7422,0.7654154675157676,0.8270477702792113,60
20.0,0.74468,0.7726542217826678,0.8220979940808945,60
21.0,0.74432,0.7735148514851485,0.820640756302521,60
22.0,0.74596,0.7766387076731904,0.819349764027268,60
23.0,0.7434000000000001,0.7753380473886614,0.8173674230039888,60
24.0,0.74508,0.781201174926567,0.8131667967733541,60
25.0,0.74824,0.776156473144986,0.8229639870959247,60
26.0,0.7452799999999999,0.7724154977445468,0.8231807704972012,60
27.0,0.7462,0.7667300496841072,0.8310065150910784,60
28.000000000000004,0.7482800000000001,0.7781374501992032,0.820802416442314,60
30.0,0.74532,0.7688995509626623,0.8272667107875579,60
31.0,0.7501599999999999,0.7751937984496124,0.8266649031148734,60
32.0,0.74672,0.7736105953707142,0.8237775141689733,60
33.0,0.74844,0.7694675284702985,0.8308960382876894,60
34.0,0.75056,0.7764939744067586,0.8257365570088518,60
35.0,0.74776,0.7672006383109311,0.8326117364950376,60
36.0,0.7485200000000001,0.7867573011077543,0.8117410221442951,60
37.0,0.75092,0.7797392551930634,0.8225848907607265,60
38.0,0.75192,0.777363184079602,0.8266102367411718,60
39.0,0.74752,0.7715573112770817,0.8272119647938588,60
40.0,0.7458,0.7763492950748401,0.8194571915563131,60
41.0,0.75056,0.7790588968526021,0.8228556382068329,60
42.0,0.75012,0.775819265143992,0.8259002312520648,60
43.0,0.74968,0.773754255648406,0.8276501357346222,60
44.0,0.7525999999999999,0.7754342431761787,0.829737802854298,60
45.0,0.75492,0.7766387076731904,0.8315593400745077,60
46.0,0.753,0.7758674197753088,0.8297928836962294,60
47.0,0.7517199999999999,0.777121541809139,0.8266102367411718,60
48.0,0.7492,0.7734191312956318,0.8273762245168123,60
49.0,0.7522,0.7768800497203232,0.8275405494869249,60
50.0,0.7502,0.7781374501992032,0.8233976681378038,60
51.0,0.75116,0.7741376107016783,0.8292424041395781,60
52.0,0.75284,0.776156473144986,0.8292424041395781,60
53.0,0.74928,0.7688995509626623,0.8327226700419692,60
54.0,0.7502,0.7709862456053784,0.8315593400745077,60
56.00000000000001,0.75372,0.7720815318097591,0.8351707088928977,60
59.0,0.75348,0.781201174926567,0.8244294947896056,60
60.0,0.75484,0.7770249269596569,0.8310065150910784,60
61.0,0.7525999999999999,0.7785251619332337,0.8262277744728667,60
62.0,0.75516,0.7736105953707142,0.8353939717970995,60
63.0,0.7544,0.7759637469737414,0.8316146630297385,60
64.0,0.75756,0.7828156312625251,0.8281985026171073,60
65.0,0.75356,0.7784766768387619,0.8275953389830508,60
66.0,0.7538,0.7786706534604124,0.8277049397430803,60
67.0,0.7598,0.7786221502429301,0.8360644772924888,60
68.0,0.75712,0.7772181806876827,0.8339448929214758,60
69.0,0.7542800000000001,0.7784281977830365,0.8286377195889957,60
70.0,0.75372,0.7786221502429301,0.8276501357346222,60
71.0,0.7541599999999999,0.7791560182010846,0.8276501357346222,60
72.0,0.75444,0.7770249269596569,0.8304544246611746,60
73.0,0.75564,0.7770732313813253,0.8320575118152167,60
74.0,0.75552,0.7856200113129281,0.822314321426222,60
75.0,0.75552,0.7774115305678214,0.8315040244794785,60
76.0,0.75728,0.7773148436042535,0.8340561820244211,60
77.0,0.7565999999999999,0.7765422128346897,0.8340005337603416,60
78.0,0.75636,0.7765422128346897,0.8336668000533547,60
79.0,0.7544,0.7777017358302744,0.8296276631047985,60
80.0,0.7562800000000001,0.7833552672808172,0.8258456659619451,60
81.0,0.75492,0.775819265143992,0.8325008325008325,60
82.0,0.75576,0.7783312577833126,0.8307855908547123,60
83.0,0.7562800000000001,0.7765904572564613,0.8335000333400013,60
84.0,0.75796,0.7829136915946386,0.8286377195889957,60
85.0,0.75752,0.7794475275924425,0.831946755407654,60
86.0,0.75956,0.7804208028969221,0.8336668000533547,60
87.0,0.75816,0.7803233660028716,0.8318360284820656,60
88.0,0.75876,0.7794475275924425,0.8336668000533547,60
89.0,0.75888,0.7813476684585573,0.83166999334664,60
90.0,0.7567200000000001,0.7788647267742539,0.8315040244794785,60
91.0,0.75684,0.7800798801797304,0.8302889405513119,60
92.0,0.7552,0.7751937984496124,0.8336112037345782,60
93.0,0.7602800000000001,0.7804695304695305,0.8346130733791814,60
94.0,0.75996,0.7803233660028716,0.8343345347750634,60
95.0,0.7614799999999999,0.7815919464765835,0.8350033400133601,60
96.0,0.75972,0.7787676780262912,0.8357849692431132,60
97.0,0.75888,0.7801772562726251,0.8330001332800213,60
98.0,0.75968,0.7787676780262912,0.8357290900581668,60
99.0,0.75936,0.7804208028969221,0.8333888925928395,60
100.0,0.75972,0.779690618762475,0.8347245409015025,60
