1 62.291999999999994 0.7727975270479135 0.6848564540872233 0.7261742237197549100
2 56.516 0.7628928898382668 0.641486195217079 0.6969418192969251100
3 59.55200000000001 0.7721292235468528 0.6605717909422396 0.7120072909546593100
4 55.948 0.7729886834456744 0.6299768168531398 0.6941937633632299100
5 56.072 0.793801994030609 0.6177415369409439 0.6947918403646268100
6 58.467999999999996 0.7707485509927241 0.6522306287503261 0.7065539948562868100
7 56.38000000000001 0.7821788373693761 0.6273840594258181 0.6962818548948614100
8 57.684000000000005 0.7721769211761799 0.6446289515754732 0.7026616824531324100
9 57.204 0.7887928314507477 0.6296594801531332 0.7002997282837055100
10 56.25599999999999 0.781934192418366 0.6265664160401002 0.6956812110418521100
11 56.316 0.7756267063787541 0.6311537490532694 0.6959717157094735100
12 58.96 0.773706362961129 0.6543132328308208 0.7090187180941576100
13 57.379999999999995 0.7848800703252543 0.6335850778042476 0.7011639321273314100
14 57.00000000000001 0.7792045879566138 0.6342601989039984 0.6993006993006993100
15 56.492 0.7706060045619876 0.635938135938136 0.6968252640967751100
16 57.379999999999995 0.7721769211761799 0.6421122925977295 0.7011639321273313100
17 57.812 0.7882456804136714 0.6348722637005435 0.7032942301741358100
18 56.928 0.7705585008013809 0.6395170367338586 0.698948781033326100
19 57.708000000000006 0.774761373496963 0.6430371932712589 0.7027801984651281100
20 57.007999999999996 0.7688995509626623 0.6413216356266995 0.6993398232068928100
21 57.304 0.7792531637678449 0.6366831355371059 0.7007904916746088100
22 57.18 0.7814942169427946 0.6341958396752917 0.7001820473323064100
23 56.888000000000005 0.7922423627836228 0.625 0.6987534238917771100
24 57.49999999999999 0.7824726134585289 0.6361323155216285 0.7017543859649122100
25 80.792 0.8028259473346179 0.8783024170882519 0.8388698745050668100
26 80.94 0.8084335790971414 0.8739425295392576 0.8399126490844951100
27 80.796 0.8006148722218664 0.8810262193402876 0.8388980235562565100
29 80.956 0.8050492690152637 0.8781790080089925 0.840025536776318100
30 81.04 0.810215193155302 0.873392956959195 0.8406186953597847100
31 80.73599999999999 0.8022591617996278 0.8781173164734809 0.8384759860477596100
32 80.848 0.8030838419530999 0.8788581874428743 0.8392641332080032100
33 81.07600000000001 0.8103202385582783 0.8738203425375742 0.8408731626921395100
34 80.876 0.8060875733539692 0.875718088832843 0.839461401564756100
35 80.964 0.8097428256785645 0.872783130847647 0.8400819920024194100
36 80.99199999999999 0.8066077305284893 0.876885303402315 0.8402796450658779100
37 80.78 0.7988241308793456 0.8829554284099739 0.8387854386847844100
38 80.884 0.8033419023136247 0.8791054223222449 0.8395177809866012100
39 81.048 0.8100051840331778 0.8737592618481755 0.8406752303450131100
40 80.84400000000001 0.8048419290451355 0.8767007995511292 0.8392359595823962100
41 80.89999999999999 0.8048937540244687 0.8775008775008775 0.8396305625524768100
42 80.876 0.8044275693416565 0.8776857182979918 0.8394614015647561100
43 81.084 0.8105829712729395 0.87363712608331 0.8409297319116015100
44 81.012 0.8049455856784081 0.8791672527781685 0.8404208827780952100
45 80.964 0.8033419023136247 0.8803436861750827 0.8400819920024195100
46 80.86 0.8049455856784081 0.8768237934904601 0.8393486654356218100
47 80.92399999999999 0.8049974240082431 0.8777473492030055 0.8397997917296517100
48 80.884 0.800102413108878 0.883017801638881 0.8395177809866013100
49 81.1 0.8121101871101871 0.8721133049605805 0.8410428931875527100
50 80.872 0.8061395588804334 0.8755954048753152 0.839433214693439100
51 80.856 0.8036001285760206 0.8783641346356545 0.8393204861344256100
52 80.92399999999999 0.8043240460716814 0.8785493393308969 0.8397997917296518100
53 80.892 0.8037551440329218 0.8787346221441125 0.8395741679819997100
54 80.928 0.8049974240082431 0.8778089887640449 0.8398280032249396100
55 81.004 0.8097428256785645 0.873392956959195 0.8403643819960335100
57 80.89999999999999 0.804582904222451 0.8778706369829342 0.839630562552477100
58 80.892 0.8055161747647893 0.8766393155200224 0.8395741679819996100
59 80.948 0.8047901107391192 0.8783641346356545 0.8399690891375197100
60 81.0 0.810215193155302 0.872783130847647 0.8403361344537815100
61 80.892 0.8041688111168297 0.8782407082133071 0.8395741679819995100
62 80.912 0.8050492690152637 0.8775008775008775 0.8397151686148059100
63 80.872 0.804634695848085 0.8773776935495192 0.839433214693439100
64 81.02000000000001 0.8101626806662778 0.8731489242805253 0.8404773911581779100
65 80.948 0.8053604793505573 0.8776857182979918 0.8399690891375197100
66 80.904 0.8036001285760206 0.8791054223222449 0.8396587626788472100
67 80.912 0.8044793409705239 0.8781790080089925 0.8397151686148058100
68 80.93599999999999 0.8050492690152637 0.8778706369829342 0.8398844319021704100
69 80.912 0.8047901107391192 0.8778089887640449 0.8397151686148058100
70 80.892 0.804582904222451 0.8777473492030055 0.8395741679819996100
71 80.96799999999999 0.8060875733539692 0.8771314293733773 0.8401102224611868100
72 80.89999999999999 0.8048419290451355 0.8775624824487503 0.8396305625524769100
73 80.932 0.8056719303899452 0.8770698849284311 0.8398562166157153100
74 80.912 0.8046864941418823 0.8779322938614974 0.839715168614806100
75 80.896 0.804634695848085 0.8777473492030055 0.839602364320258100
76 80.912 0.8047382991051311 0.8778706369829342 0.8397151686148058100
77 80.89999999999999 0.8043758043758044 0.8781173164734809 0.8396305625524769100
78 80.89999999999999 0.8053085942533179 0.8770083491194837 0.8396305625524769100
79 80.94399999999999 0.805620005155968 0.8773161145423919 0.8399408681628814100
80 81.052 0.8110563197508435 0.8726003490401396 0.8407035006893769100
81 80.94399999999999 0.8049974240082431 0.8780556336049452 0.8399408681628814100
82 80.884 0.8047382991051311 0.8774392812017409 0.8395177809866012100
83 80.976 0.8060875733539692 0.8772545441785389 0.8401666890711117100
84 80.976 0.8057758009411461 0.8776240960471811 0.8401666890711117100
85 80.956 0.8052048441123422 0.8779939594015593 0.8400255367763179100
86 80.948 0.8048937540244687 0.8782407082133071 0.8399690891375197100
87 80.888 0.8049974240082431 0.8771929824561403 0.8395459735375108100
88 81.104 0.8113195300837281 0.8730879374170566 0.8410711882653746100
89 80.964 0.8055161747647893 0.8777473492030055 0.8400819920024195100
90 80.94399999999999 0.8050492690152637 0.8779939594015593 0.8399408681628813100
91 80.97999999999999 0.8051529790660226 0.8784258608573436 0.8401949252226517100
92 80.912 0.804634695848085 0.8779939594015593 0.8397151686148059100
93 80.948 0.80510112070076 0.8779939594015593 0.8399690891375199100
94 80.904 0.8048419290451355 0.8776240960471811 0.8396587626788474100
95 80.952 0.8054642696050003 0.8776240960471811 0.8399973120086016100
96 80.94 0.8051529790660226 0.8778089887640449 0.8399126490844953100
97 80.916 0.8046864941418823 0.8779939594015593 0.8397433744247758100
98 80.94 0.8045311192636931 0.8785493393308969 0.8399126490844953100
99 80.932 0.8048419290451355 0.8780556336049452 0.8398562166157154100
100 80.956 0.8052048441123422 0.8779939594015593 0.8400255367763179100
