1 78.412 0.7714620749243967 0.8806537973791743 0.8224495838405105100
2 80.192 0.7997952524153816 0.872722195070865 0.8346688034188033100
3 80.472 0.8103727714748784 0.864633049733693 0.8366240546148183100
4 80.324 0.8038585209003215 0.8699283179066045 0.83558942478024100
5 80.41199999999999 0.8018474565398679 0.87363712608331 0.8362043014349265100
6 80.628 0.8082767539605561 0.8693837807761858 0.8377173876620984100
8 80.444 0.8064516129032258 0.8687191604698034 0.8364281173675934100
10 80.876 0.8073892261981657 0.8741870060843415 0.839461401564756100
15 80.452 0.8002048524422252 0.8762091686527408 0.8364840900726067100
16 80.54 0.7984669434685404 0.8796622097114708 0.8371002846140969100
18 80.72 0.8026712900532974 0.8773776935495192 0.8383635144198525100
19 80.744 0.8038068291428204 0.8763934656103204 0.8385322331790435100
20 80.62 0.8017445962414214 0.8769468219447173 0.8376612497905846100
21 80.78 0.8051529790660226 0.8753501400560224 0.8387854386847845100
22 80.78 0.8068159814109598 0.873392956959195 0.8387854386847844100
23 80.596 0.8049974240082431 0.872722195070865 0.8374928813105088100
24 80.812 0.8066597831698503 0.8740647507167331 0.8390106386548981100
25 80.568 0.8028259473346179 0.8748600223964166 0.8372965369415233100
26 80.65599999999999 0.8031870461993189 0.8757794437048974 0.8379139294811637100
27 80.67999999999999 0.8037551440329218 0.8754727552878554 0.8380824673147836100
29 80.69999999999999 0.8025682182985554 0.8771929824561403 0.8382229673093043100
30 80.664 0.8045311192636931 0.8743092956564315 0.8379701012267883100
31 80.616 0.8026712900532974 0.8757794437048974 0.8376331836762045100
32 80.784 0.8101626806662778 0.8695652173913043 0.8388135820695208100
33 80.644 0.8038585209003215 0.8747987962768563 0.8378296859814337100
34 80.704 0.806868060934676 0.8721741557354172 0.8382510729613734100
35 80.72399999999999 0.8063995871234114 0.8730269590724962 0.8383916294979712100
36 80.684 0.8031354407607298 0.8762705923589205 0.8381105635455429100
37 80.712 0.8020532563362207 0.8779939594015593 0.8383072899201931100
38 80.764 0.8054123711340206 0.8747987962768563 0.8386728840283135100
39 80.692 0.8042205494434794 0.8751050126015122 0.8381667616588997100
40 80.86 0.8099526987623923 0.870958751393534 0.8393486654356219100
41 80.764 0.8052048441123422 0.8750437521876093 0.8386728840283136100
42 80.608 0.8015389547932029 0.8770083491194837 0.8375770570892522100
43 80.704 0.8026712900532974 0.8771314293733773 0.8382510729613734100
44 80.648 0.8041170794467675 0.8745539774714896 0.8378577652657685100
45 80.72399999999999 0.809323405632891 0.8696257130930848 0.8383916294979712100
46 80.696 0.8010766470135863 0.8789199831247363 0.8381948635418762100
47 80.744 0.8049455856784081 0.8750437521876093 0.8385322331790434100
48 80.648 0.8020017964840241 0.8770698849284311 0.8378577652657684100
49 80.808 0.8059316569954867 0.8748600223964166 0.8389824820457749100
50 80.788 0.8049974240082431 0.8756567425569177 0.838841727342885100
51 80.74799999999999 0.8044275693416565 0.875718088832843 0.8385603595746822100
52 80.732 0.8059836224127925 0.87363712608331 0.838447865311735100
53 80.732 0.8057758009411461 0.8738814317673378 0.838447865311735100
54 80.74 0.8074935400516796 0.8719916288803627 0.8385041086701326100
55 80.80000000000001 0.8057238623179064 0.874982500349993 0.8389261744966442100
57 80.712 0.8048419290451355 0.8746763697431951 0.8383072899201932100
58 80.668 0.8040653544320082 0.8749212570868622 0.8379981899239098100
59 80.672 0.8020532563362207 0.8773776935495192 0.8380262805041567100
60 80.69999999999999 0.8046864941418823 0.8746763697431951 0.8382229673093042100
61 80.756 0.8031870461993189 0.8773161145423919 0.8386166180269028100
62 80.752 0.8062435500515995 0.87363712608331 0.8385884878572386100
63 80.756 0.8046864941418823 0.8755340757862295 0.8386166180269029100
64 80.704 0.8037034655693436 0.875902179244622 0.8382510729613734100
65 80.684 0.8033419023136247 0.876024949190553 0.8381105635455429100
66 80.756 0.8052048441123422 0.8749212570868622 0.8386166180269028100
67 80.756 0.8062435500515995 0.8736981896973509 0.8386166180269027100
68 80.58800000000001 0.8021047227926078 0.876024949190553 0.8374367735235989100
69 80.636 0.8032386582701452 0.8754114433783878 0.8377735330585436100
70 80.78 0.8057238623179064 0.8746763697431951 0.8387854386847844100
71 80.66 0.8041170794467675 0.8747375787263821 0.8379420144126026100
72 80.632 0.8028259473346179 0.8758408071748879 0.83774545941961100
73 80.72399999999999 0.8059836224127925 0.8735150244584207 0.8383916294979711100
74 80.73599999999999 0.8054123711340206 0.8743704532736429 0.8384759860477595100
75 80.668 0.8017960230917255 0.8776240960471811 0.8379981899239097100
76 80.66 0.8043240460716814 0.874492794179376 0.8379420144126026100
77 80.704 0.8048419290451355 0.8745539774714896 0.8382510729613734100
78 80.77600000000001 0.8063475680557347 0.8738814317673378 0.8387572971884856100
79 80.676 0.8034451729014012 0.8757794437048974 0.8380543729677181100
80 80.73599999999999 0.8044793409705239 0.8754727552878554 0.8384759860477596100
81 80.712 0.8039619243632622 0.875718088832843 0.8383072899201932100
82 80.764 0.8050492690152637 0.875227559165383 0.8386728840283135100
83 80.744 0.8054123711340206 0.874492794179376 0.8385322331790435100
84 80.67999999999999 0.8042722944280015 0.8748600223964166 0.8380824673147838100
85 80.672 0.8044275693416565 0.8745539774714896 0.8380262805041566100
86 80.732 0.8037034655693436 0.8763320246775098 0.8384478653117349100
87 80.732 0.8052567158410101 0.874492794179376 0.838447865311735100
88 80.804 0.8060355945318545 0.8746763697431951 0.8389543273264204100
89 80.684 0.8036001285760206 0.875718088832843 0.8381105635455428100
90 80.788 0.8058796982786409 0.8746151693254968 0.838841727342885100
91 80.676 0.8038585209003215 0.8752888453189552 0.8380543729677181100
92 80.704 0.8043240460716814 0.8751662815935027 0.8382510729613734100
93 80.696 0.8042205494434794 0.8751662815935027 0.8381948635418763100
94 80.696 0.8040136360712677 0.8754114433783878 0.8381948635418763100
95 80.74799999999999 0.8054123711340206 0.8745539774714896 0.8385603595746823100
96 80.72399999999999 0.8043758043758044 0.8754114433783878 0.8383916294979711100
97 80.716 0.8040136360712677 0.875718088832843 0.838335401227323100
98 80.696 0.8039619243632622 0.8754727552878554 0.8381948635418762100
99 80.732 0.8043758043758044 0.8755340757862295 0.838447865311735100
100 80.728 0.8042205494434794 0.8756567425569177 0.8384197464618688100
