1 56.816 0.7163734311421858 0.6813102959611925 0.698402056095653210
2 57.48800000000001 0.7184320937984942 0.6857205551593615 0.701695295834736710
3 58.628 0.7172777873414816 0.6977003795490064 0.707353648530119110
4 57.584 0.7227104532839963 0.6827616342582478 0.702168295697112610
5 57.400000000000006 0.720876585928489 0.6826870562534134 0.701262272089761610
6 58.012 0.714204090961033 0.6946373992775771 0.704284869143871310
7 56.888000000000005 0.714775846294602 0.683433570256971 0.698753423891777110
8 56.587999999999994 0.7160861594867094 0.6794586073816383 0.697291718963545610
9 58.084 0.7060152499293985 0.7032744458197367 0.704642182699625110
10 56.763999999999996 0.7171131891457748 0.6801610621395147 0.698148510151079510
11 56.004 0.709099160426594 0.6804202275325241 0.694463735103752910
12 56.912000000000006 0.7155942294481338 0.6829108391608392 0.698870625069887210
13 55.928 0.7066538526768048 0.6819793769436412 0.694097395746571110
14 56.888000000000005 0.7147349762707987 0.6834709388156816 0.698753423891777110
15 56.864000000000004 0.7179781734635267 0.6803091324697943 0.698636262016543710
16 57.128 0.7177308222324299 0.682985466069282 0.699927207570412610
17 56.86800000000001 0.7177308222324299 0.6805684107366472 0.698655786267221810
18 56.912000000000006 0.7158811064658381 0.6826497733602752 0.698870625069887110
19 57.163999999999994 0.7175660160734788 0.6834709388156816 0.700103615335069610
20 56.587999999999994 0.7151438869500544 0.6803091324697943 0.697291718963545610
21 57.132000000000005 0.7158811064658381 0.6847063978965819 0.699946804042892810
22 57.152 0.7157991181354865 0.6849690393994191 0.700044802867383510
23 57.176 0.717689613595912 0.6834709388156816 0.700162437685543110
24 56.824000000000005 0.7178132537039164 0.6800870511425462 0.698441079510532510
25 57.00000000000001 0.715922107674685 0.683433570256971 0.699300699300699310
26 72.16 0.6939432631988008 0.896250089625009 0.782227784730913610
27 72.176 0.6939047407571889 0.896571510543681 0.782325697834522410
29 72.144 0.6940973957465711 0.8957362952346829 0.782129896133149810
30 72.148 0.694058856191005 0.8958646885974343 0.782154365985670910
31 72.148 0.6938277087033747 0.896250089625009 0.782154365985670910
32 72.028 0.7064142413111049 0.8742481465939292 0.781420935829712810
33 72.068 0.706693803708729 0.8744316194473593 0.781665259669199310
34 72.16 0.6939817899178325 0.8961858330943504 0.782227784730913710
35 72.16 0.6939817899178325 0.8961858330943504 0.782227784730913710
36 72.16 0.6939817899178325 0.8961858330943504 0.782227784730913710
37 72.164 0.694058856191005 0.8961215857767582 0.782252260709033410
38 72.144 0.6939817899178325 0.8959288990825688 0.782129896133149910
39 72.048 0.7066538526768048 0.8741870060843415 0.781543078654495310
40 72.044 0.7066139061616733 0.8741870060843415 0.781518647034918210
41 72.16 0.6939817899178325 0.8961858330943504 0.782227784730913710
42 72.16 0.6939817899178325 0.8961858330943504 0.782227784730913710
43 72.03999999999999 0.7065739641625686 0.8741870060843415 0.781494216942794610
44 72.16 0.6939817899178325 0.8961858330943504 0.782227784730913710
45 72.16 0.6939817899178325 0.8961858330943504 0.782227784730913710
46 72.16 0.6939817899178325 0.8961858330943504 0.782227784730913710
47 72.048 0.7066139061616733 0.8742481465939292 0.781543078654495510
48 72.048 0.7066538526768048 0.8741870060843415 0.781543078654495310
49 72.15199999999999 0.6939047407571889 0.8961858330943504 0.782178837369376210
50 72.048 0.7066538526768048 0.8741870060843415 0.781543078654495310
51 72.16 0.6939817899178325 0.8961858330943504 0.782227784730913710
52 72.15599999999999 0.6939432631988008 0.8961858330943504 0.78220331028440910
53 72.16 0.6939817899178325 0.8961858330943504 0.782227784730913710
54 72.15199999999999 0.6939047407571889 0.8961858330943504 0.782178837369376210
55 72.16 0.6939817899178325 0.8961858330943504 0.782227784730913710
57 72.048 0.7066538526768048 0.8741870060843415 0.781543078654495310
58 72.048 0.7066538526768048 0.8741870060843415 0.781543078654495310
59 72.16 0.6939817899178325 0.8961858330943504 0.782227784730913710
60 72.16 0.6939817899178325 0.8961858330943504 0.782227784730913710
61 72.048 0.7066538526768048 0.8741870060843415 0.781543078654495310
62 72.16 0.6939817899178325 0.8961858330943504 0.782227784730913710
63 72.16 0.6939817899178325 0.8961858330943504 0.782227784730913710
64 72.036 0.7067337592582122 0.8738814317673378 0.781469788377981410
65 72.16 0.6939817899178325 0.8961858330943504 0.782227784730913710
66 72.15599999999999 0.6939432631988008 0.8961858330943504 0.78220331028440910
67 72.16 0.6939817899178325 0.8961858330943504 0.782227784730913710
68 72.048 0.7066538526768048 0.8741870060843415 0.781543078654495310
69 72.048 0.7066538526768048 0.8741870060843415 0.781543078654495310
70 72.16 0.6939817899178325 0.8961858330943504 0.782227784730913710
71 72.15599999999999 0.6939432631988008 0.8961858330943504 0.78220331028440910
72 72.16 0.6939817899178325 0.8961858330943504 0.782227784730913710
73 72.048 0.7066538526768048 0.8741870060843415 0.781543078654495310
74 72.048 0.7066538526768048 0.8741870060843415 0.781543078654495310
75 72.048 0.7066538526768048 0.8741870060843415 0.781543078654495310
76 72.16 0.6939817899178325 0.8961858330943504 0.782227784730913710
77 72.048 0.7066538526768048 0.8741870060843415 0.781543078654495310
78 72.15599999999999 0.6939432631988008 0.8961858330943504 0.78220331028440910
79 72.048 0.7066538526768048 0.8741870060843415 0.781543078654495310
80 72.16 0.6939817899178325 0.8961858330943504 0.782227784730913710
81 72.048 0.7066538526768048 0.8741870060843415 0.781543078654495310
82 72.048 0.7066538526768048 0.8741870060843415 0.781543078654495310
83 72.16 0.6939817899178325 0.8961858330943504 0.782227784730913710
84 72.16 0.6939817899178325 0.8961858330943504 0.782227784730913710
85 72.16 0.6939817899178325 0.8961858330943504 0.782227784730913710
86 72.16 0.6939817899178325 0.8961858330943504 0.782227784730913710
87 72.16 0.6939817899178325 0.8961858330943504 0.782227784730913710
88 72.16 0.6939817899178325 0.8961858330943504 0.782227784730913710
89 72.16 0.6939817899178325 0.8961858330943504 0.782227784730913710
90 72.16 0.6939817899178325 0.8961858330943504 0.782227784730913710
91 72.048 0.7066538526768048 0.8741870060843415 0.781543078654495310
92 72.16 0.6939817899178325 0.8961858330943504 0.782227784730913710
93 72.16 0.6939817899178325 0.8961858330943504 0.782227784730913710
94 72.048 0.7066538526768048 0.8741870060843415 0.781543078654495310
95 72.16 0.6939817899178325 0.8961858330943504 0.782227784730913710
96 72.16 0.6939817899178325 0.8961858330943504 0.782227784730913710
97 72.16 0.6939817899178325 0.8961858330943504 0.782227784730913710
98 72.16 0.6939817899178325 0.8961858330943504 0.782227784730913710
99 72.16 0.6939817899178325 0.8961858330943504 0.782227784730913710
100 72.16 0.6939817899178325 0.8961858330943504 0.782227784730913710
1 72.08 0.692482410946762 0.8974082848732859 0.781738586616635510
