1 71.992 0.7049799785686086 0.875902179244622 0.781201174926567210
2 71.904 0.6944444444444444 0.8913291500285225 0.780664501623782110
3 72.068 0.6944830268348241 0.8938787185354691 0.781665259669199210
4 72.15599999999999 0.6904932884052367 0.9020060614807331 0.782203310284409110
5 72.15199999999999 0.6942130400977452 0.8956721123531097 0.782178837369376110
6 72.016 0.7058956403885249 0.8748600223964166 0.781347668458557310
7 72.08399999999999 0.6885534868348573 0.9041591320072333 0.781763031989743310
8 72.028 0.7070135746606335 0.8733319360022357 0.781420935829712810
9 72.124 0.691830861191056 0.8992158837493706 0.78200756983327610
10 72.144 0.6942130400977452 0.8955437741796819 0.782129896133149810
11 72.036 0.7060950121448342 0.8748600223964166 0.781469788377981410
12 72.064 0.706693803708729 0.8743704532736429 0.781640820410205110
13 72.15199999999999 0.6939047407571889 0.8961858330943504 0.782178837369376210
14 71.964 0.7075738707121023 0.871505263891794 0.7810303352182210
15 72.16799999999999 0.693442804837457 0.8972150445018662 0.782276738218912310
16 72.044 0.7059355057321963 0.875227559165383 0.781518647034918210
18 72.03200000000001 0.7066139061616733 0.8740036358551252 0.781445361340335210
20 72.148 0.6940973957465711 0.8958004873154651 0.782154365985670910
21 72.148 0.6937121926854987 0.8964429145152036 0.78215436598567110
22 72.048 0.7066538526768048 0.8741870060843415 0.781543078654495310
23 72.16 0.6939817899178325 0.8961858330943504 0.782227784730913710
24 72.036 0.7070535663781888 0.873392956959195 0.781469788377981310
25 72.16 0.6939817899178325 0.8961858330943504 0.782227784730913710
26 72.12799999999999 0.6936352033738417 0.896250089625009 0.78203203203203210
27 72.14 0.6937891990897486 0.8961858330943504 0.78210542781166910
29 72.03200000000001 0.706693803708729 0.8738814317673378 0.78144536134033510
30 72.144 0.6939817899178325 0.8959288990825688 0.782129896133149910
31 72.15599999999999 0.6941744876992281 0.8958004873154651 0.782203310284409110
32 72.048 0.7066538526768048 0.8741870060843415 0.781543078654495310
33 72.048 0.7066538526768048 0.8741870060843415 0.781543078654495310
34 72.1 0.6939432631988008 0.8952872081363702 0.781860828772478510
35 72.036 0.7065340266787249 0.8741870060843415 0.781469788377981310
36 72.16799999999999 0.6935582311490873 0.897021887334051 0.782276738218912410
37 72.16 0.6939817899178325 0.8961858330943504 0.782227784730913710
38 72.15599999999999 0.6919840566873339 0.8994747067712456 0.78220331028440910
39 72.03200000000001 0.7066538526768048 0.8739425295392576 0.781445361340335210
40 72.172 0.6939047407571889 0.8965072079179517 0.78230121726069410
41 72.16 0.6939817899178325 0.8961858330943504 0.782227784730913710
42 72.18 0.6940203209149964 0.8964429145152036 0.782350179940541310
43 72.16 0.6939817899178325 0.8961858330943504 0.782227784730913710
44 72.16 0.6939817899178325 0.8961858330943504 0.782227784730913710
45 72.048 0.7066538526768048 0.8741870060843415 0.781543078654495310
46 72.176 0.6939432631988008 0.8965072079179517 0.782325697834522510
47 72.144 0.6939817899178325 0.8959288990825688 0.782129896133149910
48 72.16 0.6939817899178325 0.8961858330943504 0.782227784730913710
49 72.048 0.7066538526768048 0.8741870060843415 0.781543078654495310
50 72.048 0.7066538526768048 0.8741870060843415 0.781543078654495310
51 72.048 0.7066538526768048 0.8741870060843415 0.781543078654495310
52 72.16 0.6939817899178325 0.8961858330943504 0.782227784730913710
53 72.16 0.6939817899178325 0.8961858330943504 0.782227784730913710
54 72.16 0.6939817899178325 0.8961858330943504 0.782227784730913710
55 72.048 0.7066538526768048 0.8741870060843415 0.781543078654495310
57 72.16 0.6939817899178325 0.8961858330943504 0.782227784730913710
58 72.048 0.7066139061616733 0.8742481465939292 0.781543078654495510
59 72.15199999999999 0.6939047407571889 0.8961858330943504 0.782178837369376210
60 72.148 0.6938662225922843 0.8961858330943504 0.782154365985670910
61 72.16 0.6939817899178325 0.8961858330943504 0.782227784730913710
62 72.16 0.6939817899178325 0.8961858330943504 0.782227784730913710
63 72.15199999999999 0.6938277087033747 0.8963143553707156 0.782178837369376110
64 72.048 0.7066538526768048 0.8741870060843415 0.781543078654495310
65 72.16 0.6939817899178325 0.8961858330943504 0.782227784730913710
66 72.16 0.6939817899178325 0.8961858330943504 0.782227784730913710
67 72.16 0.6939817899178325 0.8961858330943504 0.782227784730913710
68 72.048 0.7066538526768048 0.8741870060843415 0.781543078654495310
69 72.16 0.6939817899178325 0.8961858330943504 0.782227784730913710
70 72.16 0.6939817899178325 0.8961858330943504 0.782227784730913710
71 72.048 0.7066538526768048 0.8741870060843415 0.781543078654495310
72 72.048 0.7066538526768048 0.8741870060843415 0.781543078654495310
73 72.048 0.7066538526768048 0.8741870060843415 0.781543078654495310
74 72.048 0.7066538526768048 0.8741870060843415 0.781543078654495310
75 72.16 0.6939817899178325 0.8961858330943504 0.782227784730913710
76 72.048 0.7066538526768048 0.8741870060843415 0.781543078654495310
77 72.16 0.6939817899178325 0.8961858330943504 0.782227784730913710
78 72.16 0.6939817899178325 0.8961858330943504 0.782227784730913710
79 72.16 0.6939817899178325 0.8961858330943504 0.782227784730913710
80 72.16 0.6939817899178325 0.8961858330943504 0.782227784730913710
81 72.048 0.7066538526768048 0.8741870060843415 0.781543078654495310
82 72.16 0.6939817899178325 0.8961858330943504 0.782227784730913710
83 72.16 0.6939817899178325 0.8961858330943504 0.782227784730913710
84 72.048 0.7066538526768048 0.8741870060843415 0.781543078654495310
85 72.16 0.6939817899178325 0.8961858330943504 0.782227784730913710
86 72.16 0.6939817899178325 0.8961858330943504 0.782227784730913710
87 72.16 0.6939817899178325 0.8961858330943504 0.782227784730913710
88 72.16 0.6939817899178325 0.8961858330943504 0.782227784730913710
89 72.16 0.6939817899178325 0.8961858330943504 0.782227784730913710
91 72.16 0.6939817899178325 0.8961858330943504 0.782227784730913710
92 72.16 0.6939817899178325 0.8961858330943504 0.782227784730913710
93 72.16 0.6939817899178325 0.8961858330943504 0.782227784730913710
94 72.048 0.7066538526768048 0.8741870060843415 0.781543078654495310
95 72.16 0.6939817899178325 0.8961858330943504 0.782227784730913710
96 72.16 0.6939817899178325 0.8961858330943504 0.782227784730913710
97 72.16 0.6939817899178325 0.8961858330943504 0.782227784730913710
98 72.16 0.6939817899178325 0.8961858330943504 0.782227784730913710
99 72.16 0.6939817899178325 0.8961858330943504 0.782227784730913710
100 72.16 0.6939817899178325 0.8961858330943504 0.782227784730913710
