1 54.547999999999995 0.7599708171206225 0.6276675872457946 0.687512031460550520
2 55.22 0.763498656242365 0.6305806386520708 0.690703135792236520
3 55.903999999999996 0.7649002570064863 0.6350980591403312 0.693981789917832420
4 54.748 0.7689468503937008 0.6232238121354141 0.688458678710103920
5 54.976 0.7739458857036716 0.6217358865953743 0.689541041482789220
6 54.864000000000004 0.7725109696557692 0.6217977416306024 0.68900892955572720
7 55.628 0.7698940625769894 0.6295009316613789 0.692655085473637520
8 55.02 0.7734191312956318 0.6224169695762585 0.689750310387639720
9 55.688 0.7688522573502276 0.6306760847628657 0.692943067797549820
10 55.620000000000005 0.7689941556444171 0.6300403225806451 0.692616705914946620
11 55.147999999999996 0.7769283361302753 0.6211488769628305 0.690359815535857220
12 55.01199999999999 0.7767834949043003 0.6201935003721161 0.689712252048445420
13 54.808 0.7720815318097591 0.6216431271135866 0.688743181442503720
14 55.236 0.7738021542651975 0.6238458851125418 0.690779475560222220
15 55.912000000000006 0.7729408854810784 0.6297229219143576 0.694020320914996420
16 55.584 0.7700837851158207 0.6290257648953301 0.69244405052071820
17 55.132000000000005 0.7760600980939965 0.6215813028344107 0.690283568489935820
18 55.64 0.7719861660079052 0.6282038395818675 0.692712662787475820
19 55.776 0.7712240868706811 0.6297863764611044 0.69336587530508120
20 55.672 0.7706535141800247 0.6293424629946631 0.692866249099273920
21 54.943999999999996 0.7731799344343415 0.6219833806040702 0.689388925656298220
22 54.824000000000005 0.7714144655640582 0.6222000995520159 0.68881908855458220
23 54.772 0.7701312303616537 0.6226339908348276 0.688572451593356620
24 54.776 0.771033802121885 0.6220762416641784 0.688591417396573620
25 54.92 0.7740896705474363 0.6212106152469934 0.6892748828232720
26 75.332 0.7428537469542996 0.8716875871687587 0.8021304584977720
27 75.268 0.7392950082801041 0.8756567425569177 0.801718885290061920
29 75.384 0.7433396764985728 0.8718091784070303 0.802465173011491220
30 75.364 0.7438705070221376 0.8707767328456983 0.802336403607304420
31 75.344 0.7414877209633408 0.8737592618481755 0.802207675523039420
32 75.29599999999999 0.7417077078264998 0.872722195070865 0.801898896587118320
33 75.332 0.7431629013079667 0.8712622847982157 0.802130458497770220
34 75.292 0.7407846390897238 0.8739425295392576 0.801873175738525220
35 75.32799999999999 0.7410481384870761 0.8741258741258742 0.802104722792607720
36 75.292 0.7410481384870761 0.873576071004263 0.801873175738525220
37 75.30799999999999 0.741399762752076 0.8733319360022357 0.801976069034120
38 75.336 0.7413118254062389 0.8738814317673378 0.802156195854456720
39 75.32799999999999 0.7428537469542996 0.8716268042674848 0.802104722792607720
40 75.324 0.7427654643769683 0.8716875871687587 0.802078988738811120
41 75.348 0.7431629013079667 0.871505263891794 0.802233417835253420
42 75.332 0.7411360132811574 0.8740647507167331 0.802130458497770120
43 75.324 0.7423684523102506 0.8722350150024423 0.802078988738811120
44 75.356 0.7430745452383783 0.8717483785480159 0.802284907416321720
45 75.38 0.745734399236368 0.8684777322309456 0.802439415824105220
46 75.352 0.7428537469542996 0.8719916288803627 0.802259161799627820
47 75.312 0.7403020432336394 0.8749212570868622 0.802001796484024120
48 75.356 0.7413557914714429 0.8741258741258742 0.802284907416321520
49 75.3 0.7410920732791842 0.87363712608331 0.80192461908580620
50 75.28399999999999 0.7408285426420909 0.8737592618481755 0.801821738990987520
51 75.332 0.7430303750817333 0.8714445064138315 0.8021304584977720
52 75.312 0.7401267096926993 0.8751662815935027 0.80200179648402420
53 75.30399999999999 0.7411799584939224 0.873576071004263 0.801950343234746920
54 75.3 0.7414877209633408 0.8730879374170566 0.801924619085805920
55 75.30399999999999 0.7411799584939224 0.873576071004263 0.801950343234746920
57 75.316 0.7421480733836014 0.8724176437744277 0.80202752558467820
58 75.30399999999999 0.7417517208639924 0.872783130847647 0.80195034323474720
59 75.30399999999999 0.7416637000118667 0.8729050279329609 0.801950343234746920
60 75.364 0.7427654643769683 0.8722958827634334 0.802336403607304520
61 75.344 0.7428537469542996 0.8718699867475762 0.802207675523039420
62 75.292 0.7410042089039066 0.87363712608331 0.801873175738525220
63 75.30799999999999 0.7413557914714429 0.873392956959195 0.801976069034099920
64 75.32799999999999 0.7422362092512321 0.8724785370279892 0.802104722792607820
65 75.356 0.7432954748171493 0.8714445064138315 0.802284907416321620
66 75.352 0.7428978961131583 0.8719308035714286 0.802259161799627820
67 75.336 0.7426330798479087 0.8720524626761545 0.802156195854456720
68 75.30399999999999 0.7411360132811574 0.87363712608331 0.801950343234746820
69 75.30799999999999 0.7413118254062389 0.8734539864439941 0.801976069034099920
70 75.28399999999999 0.7409602845287493 0.873576071004263 0.801821738990987620
71 75.3 0.7409602845287493 0.8738203425375742 0.80192461908580620
72 75.312 0.7421480733836014 0.8723567590201688 0.802001796484024120
73 75.336 0.7424125438023401 0.8723567590201688 0.802156195854456720
74 75.30799999999999 0.7412239089184061 0.873576071004263 0.801976069034120
75 75.352 0.7439590524937507 0.8704735376044568 0.802259161799627820
76 75.348 0.7432512783921988 0.8713837574067619 0.802233417835253320
77 75.33999999999999 0.7435165358077563 0.8708980700898766 0.802181934862826920
78 75.30399999999999 0.7409602845287493 0.8738814317673378 0.801950343234746920
79 75.312 0.7410042089039066 0.8739425295392576 0.802001796484024320
80 75.3 0.7410481384870761 0.8736981896973509 0.801924619085805920
81 75.344 0.7431629013079667 0.8714445064138315 0.802207675523039320
82 75.312 0.7417957391252744 0.872844075134418 0.80200179648402420
83 75.324 0.7420159088210851 0.872722195070865 0.802078988738810920
84 75.33999999999999 0.7431629013079667 0.8713837574067619 0.802181934862826920
85 75.30799999999999 0.7417517208639924 0.872844075134418 0.801976069034100120
86 75.312 0.7417517208639924 0.8729050279329609 0.802001796484024120
87 75.336 0.7423684523102506 0.8724176437744277 0.802156195854456920
88 75.312 0.7417957391252744 0.872844075134418 0.80200179648402420
89 75.32799999999999 0.7427213309566251 0.8718091784070303 0.802104722792607820
90 75.30799999999999 0.7409163653606781 0.8740036358551252 0.801976069034120
91 75.312 0.7417957391252744 0.872844075134418 0.80200179648402420
92 75.30799999999999 0.7417517208639924 0.872844075134418 0.801976069034100120
93 75.30399999999999 0.7410042089039066 0.8738203425375742 0.801950343234746920
94 75.3 0.7411360132811574 0.873576071004263 0.80192461908580620
95 75.30399999999999 0.7410042089039066 0.8738203425375742 0.801950343234746920
96 75.312 0.7417957391252744 0.872844075134418 0.80200179648402420
97 75.30799999999999 0.7417517208639924 0.872844075134418 0.801976069034100120
98 75.30799999999999 0.7417517208639924 0.872844075134418 0.801976069034100120
99 75.30399999999999 0.7410042089039066 0.8738203425375742 0.801950343234746920
100 75.30399999999999 0.7410042089039066 0.8738203425375742 0.801950343234746920
1 74.10399999999998 0.7131039990872269 0.8963786303334529 0.794306411641354720
