1 74.864 0.7348618459729571 0.875718088832843 0.799130545965989120
2 75.124 0.7441805084241233 0.8667313826099016 0.800794388032928620
3 75.032 0.7267864410721554 0.8901231930499182 0.800204852442225220
4 75.156 0.7335680751173709 0.8820831275139369 0.80099964756015520
5 75.272 0.7378549082108494 0.8777473492030055 0.801744596241421420
6 75.312 0.7442691277165823 0.8694442512346109 0.80200179648402420
7 75.30799999999999 0.7415317078958297 0.8731489242805253 0.801976069034120
8 75.18 0.7373761208117037 0.8770083491194837 0.80115366127223220
9 75.25999999999999 0.7372456502506636 0.8784258608573436 0.801667468334134920
10 75.38 0.7421480733836014 0.873392956959195 0.802439415824105220
11 75.344 0.7472947928498834 0.865830851284893 0.802207675523039520
12 75.268 0.7491759065028468 0.8621878879845496 0.801718885290061920
13 75.364 0.744801287016624 0.8695047301057318 0.802336403607304420
14 75.336 0.7409602845287493 0.8743704532736429 0.802156195854456920
15 75.324 0.7431629013079667 0.8711408460519897 0.80207898873881120
16 75.356 0.7432954748171493 0.8714445064138315 0.802284907416321620
18 75.316 0.743383883437407 0.8707160769016439 0.80202752558467820
19 75.384 0.7452453347642044 0.8692024198595368 0.802465173011491320
20 75.288 0.737680731779286 0.8782407082133071 0.801847456539867820
21 75.288 0.7367676529529648 0.8795384182381086 0.801847456539867920
22 75.28399999999999 0.7332238385734396 0.884580001415328 0.801821738990987420
23 75.168 0.7337833871441151 0.8819586537783108 0.801076647013586220
24 75.356 0.744801287016624 0.8693837807761858 0.802284907416321620
25 75.324 0.7434723130910605 0.8707160769016439 0.802078988738811120
26 75.332 0.7402582020608789 0.8752888453189552 0.802130458497770120
27 75.30399999999999 0.7418397626112759 0.8726612678022898 0.801950343234746920
29 75.32799999999999 0.7423684523102506 0.8722958827634334 0.802104722792607820
30 75.24 0.7347754526216788 0.8816476230780081 0.801538954793202920
31 75.30799999999999 0.7410920732791842 0.8737592618481755 0.801976069034099920
32 75.292 0.7395136957936461 0.875718088832843 0.801873175738525120
33 75.348 0.7418397626112759 0.8733319360022357 0.802233417835253420
34 75.36 0.742104013298504 0.8731489242805253 0.802310654685494220
35 75.312 0.7410920732791842 0.8738203425375742 0.80200179648402420
36 75.356 0.7432954748171493 0.8714445064138315 0.802284907416321620
37 75.368 0.7429862101759391 0.8720524626761545 0.802362154181911520
38 75.388 0.7455120176537245 0.8689003197553177 0.8024909318524720
39 75.364 0.7441805084241233 0.8703523186185768 0.802336403607304420
40 75.36 0.7436934792955735 0.870958751393534 0.802310654685494220
41 75.3 0.7413557914714429 0.8732709235713287 0.801924619085805920
42 75.364 0.7436934792955735 0.8710194411539266 0.802336403607304520
43 75.36 0.7430745452383783 0.8718091784070303 0.802310654685494220
44 75.332 0.7432070872227837 0.8712015611931977 0.802130458497770120
45 75.30399999999999 0.7410481384870761 0.8737592618481755 0.801950343234746820
46 75.29599999999999 0.7398200757575758 0.8753501400560224 0.801898896587118320
47 75.216 0.7395574488226245 0.874492794179376 0.801384792922169520
48 75.32799999999999 0.742104013298504 0.8726612678022898 0.802104722792607720
49 75.29599999999999 0.7414877209633408 0.8730269590724962 0.801898896587118220
50 75.28 0.740433597914939 0.8742481465939292 0.801796023091725420
51 75.32 0.7428096030425482 0.8715660298424208 0.802053256336220720
52 75.336 0.7435607637856165 0.8707767328456983 0.802156195854456720
53 75.344 0.7425448497089224 0.8722958827634334 0.802207675523039420
54 75.344 0.7432070872227837 0.8713837574067619 0.802207675523039420
55 75.29599999999999 0.7409163653606781 0.8738203425375742 0.801898896587118320
57 75.33999999999999 0.742456640532193 0.8723567590201688 0.802181934862826920
58 75.33999999999999 0.7425007425007425 0.8722958827634334 0.80218193486282720
59 75.3 0.7407846390897238 0.8740647507167331 0.801924619085805920
60 75.292 0.7409163653606781 0.8737592618481755 0.801873175738525120
61 75.30399999999999 0.7380291669126764 0.8779939594015593 0.801950343234746920
62 75.332 0.74360499702558 0.8706554294072578 0.802130458497770220
63 75.336 0.7430745452383783 0.8714445064138315 0.802156195854456720
64 75.33999999999999 0.7432512783921988 0.8712622847982157 0.80218193486282720
65 75.30399999999999 0.7411360132811574 0.87363712608331 0.801950343234746820
66 75.348 0.7435607637856165 0.870958751393534 0.802233417835253420
67 75.33999999999999 0.7433396764985728 0.8711408460519897 0.802181934862826920
68 75.30399999999999 0.7411799584939224 0.873576071004263 0.801950343234746920
69 75.3 0.7410042089039066 0.8737592618481755 0.801924619085805920
70 75.30399999999999 0.7413118254062389 0.873392956959195 0.801950343234746920
71 75.33999999999999 0.7432512783921988 0.8712622847982157 0.80218193486282720
72 75.30399999999999 0.7409602845287493 0.8738814317673378 0.801950343234746920
73 75.33999999999999 0.7431629013079667 0.8713837574067619 0.802181934862826920
74 75.30399999999999 0.7417517208639924 0.872783130847647 0.80195034323474720
75 75.30799999999999 0.7412239089184061 0.873576071004263 0.801976069034120
76 75.288 0.7414437392490658 0.872965989245059 0.801847456539867920
77 75.30399999999999 0.7410042089039066 0.8738203425375742 0.801950343234746920
78 75.30799999999999 0.7419718644269009 0.872539438782633 0.801976069034120
79 75.324 0.7421480733836014 0.872539438782633 0.80207898873881120
80 75.30799999999999 0.7419278252611586 0.8726003490401396 0.801976069034100120
81 75.30399999999999 0.7409163653606781 0.8739425295392576 0.801950343234746920
82 75.33999999999999 0.7430745452383783 0.871505263891794 0.802181934862827120
83 75.29599999999999 0.7409163653606781 0.8738203425375742 0.801898896587118320
84 75.30799999999999 0.7409602845287493 0.8739425295392576 0.801976069034100120
85 75.3 0.7409602845287493 0.8738203425375742 0.80192461908580620
86 75.30399999999999 0.7410042089039066 0.8738203425375742 0.801950343234746920
87 75.336 0.7427213309566251 0.8719308035714286 0.802156195854456920
88 75.30799999999999 0.7410042089039066 0.8738814317673378 0.801976069034120
89 75.312 0.7419278252611586 0.8726612678022898 0.80200179648402420
91 75.3 0.7410042089039066 0.8737592618481755 0.801924619085805920
92 75.312 0.7417517208639924 0.8729050279329609 0.802001796484024120
93 75.30799999999999 0.7417957391252744 0.872783130847647 0.801976069034099920
94 75.30399999999999 0.7410042089039066 0.8738203425375742 0.801950343234746920
95 75.312 0.7417957391252744 0.872844075134418 0.80200179648402420
96 75.30799999999999 0.7417517208639924 0.872844075134418 0.801976069034100120
97 75.312 0.7417957391252744 0.872844075134418 0.80200179648402420
98 75.3 0.7409602845287493 0.8738203425375742 0.80192461908580620
99 75.30399999999999 0.7410042089039066 0.8738203425375742 0.801950343234746920
100 75.30399999999999 0.7410042089039066 0.8738203425375742 0.801950343234746920
