1 58.248 0.760201909627197 0.6580679126085812 0.70545741859021430
2 60.144 0.7641988139634407 0.6717901864889557 0.715021164626472830
3 56.86 0.7743774005699418 0.6363590082981214 0.69861673885706330
4 60.06400000000001 0.7675303942036105 0.6685206974007916 0.714612394237365830
5 57.63199999999999 0.7677189534455227 0.647332988089073 0.702405034839289730
6 56.38000000000001 0.7758674197753088 0.6315044963120138 0.696281854894861530
7 58.123999999999995 0.7598784194528876 0.6572374993427625 0.704840846936761730
8 59.156 0.7652280379553107 0.6622165713074804 0.710005396041009930
9 56.436 0.7772181806876827 0.6310581583198708 0.696553453512022530
10 57.06400000000001 0.7769766285430134 0.6362618344701212 0.699613813175127430
11 58.56399999999999 0.7743294307130025 0.6504995836802664 0.707033569953901430
12 56.56399999999999 0.7791560182010846 0.6308033911990311 0.69717504671072830
13 57.64 0.7722723341159027 0.6441970727685014 0.702444506883956130
14 57.343999999999994 0.7726064651709006 0.6415191172696947 0.700986989681471730
15 58.28 0.7731799344343415 0.6489124227794217 0.705616709003669230
16 58.024 0.7752899584444582 0.6452945124154664 0.704344396235983530
17 57.536 0.7742814667988107 0.6419474116680361 0.701931716082659530
18 57.46800000000001 0.7751457273967506 0.6407956118316501 0.701596834395083230
19 57.675999999999995 0.7714620749243967 0.6450614098462174 0.702622185998145130
20 57.352000000000004 0.7766869640859948 0.6387980376124285 0.7010263025068730
21 57.45199999999999 0.7724154977445468 0.6425413796648504 0.701518085136234830
22 56.728 0.7695148978084215 0.6386022274445693 0.697973086157797630
23 57.464000000000006 0.7751457273967506 0.6407627639942588 0.701577145422910730
24 57.56 0.7722723341159027 0.6435337726523888 0.702049985959000430
25 76.85600000000001 0.7560636303151274 0.8770083491194837 0.812057428701357930
26 76.78 0.7542388221806553 0.8783024170882519 0.811556565492614830
27 76.77199999999999 0.752875986267542 0.8800337932976626 0.811503878988541630
29 76.736 0.7543753771876885 0.8774392812017409 0.811266874350986430
30 76.66 0.7597860442499392 0.8690815546130849 0.810766985568347730
31 76.85600000000001 0.7621021826606511 0.8690211345939933 0.812057428701357830
32 76.76 0.7546941979110064 0.8773776935495192 0.811424862057773430
33 76.864 0.7555152614082804 0.8778706369829342 0.812110187110187130
34 76.812 0.7556979626382927 0.8768237934904601 0.811767379939604530
35 76.884 0.7627532340737124 0.8685984295740393 0.812242113129081330
36 76.79199999999999 0.7544664413326895 0.8781790080089925 0.811635608077397530
37 76.72 0.7518796992481203 0.8805917576611483 0.811161583387410730
38 76.888 0.7623810685533057 0.8691419830343485 0.812268503476509330
39 76.804 0.7557436517533253 0.8766393155200224 0.811714666060586430
40 76.864 0.7570251937984496 0.8758408071748879 0.812110187110187130
41 76.88000000000001 0.7569335109603973 0.8762091686527408 0.812215724496426330
42 76.79599999999999 0.7588174588720937 0.8724176437744277 0.811661959027304430
43 76.74 0.7540568257223864 0.8779322938614974 0.811293201362972630
44 76.82 0.761266747868453 0.8695652173913043 0.811820100665692430
45 76.79599999999999 0.7546941979110064 0.8779322938614974 0.811661959027304430
46 76.844 0.7555609284332688 0.8775008775008775 0.811978303939718830
47 76.876 0.7551957467375544 0.8784875957551479 0.812189337578376430
48 76.764 0.7529213347789423 0.8798479622721194 0.811451199324872630
49 76.924 0.7619628162145687 0.8702311333890281 0.812506093795703530
50 76.848 0.7557436517533253 0.8773161145423919 0.812004677146940430
51 76.9 0.75642965204236 0.8771929824561403 0.812347684809098230
52 76.79599999999999 0.7543298533582765 0.8784258608573436 0.811661959027304330
53 76.74799999999999 0.7535567880395466 0.8787346221441125 0.811345860513419730
54 76.848 0.7549220920401014 0.8784258608573436 0.812004677146940430
55 76.80799999999999 0.7541478129713424 0.8788581874428743 0.811741022144295130
57 76.86 0.7562008469449486 0.876885303402315 0.812083807048887530
58 76.852 0.7551957467375544 0.8781173164734809 0.812031052067431130
59 76.9 0.7567044009927961 0.8768237934904601 0.812347684809098230
60 76.77199999999999 0.7530574130971746 0.879786036036036 0.811503878988541730
61 76.876 0.7560636303151274 0.8773161145423919 0.812189337578376330
62 76.828 0.7549220920401014 0.8781173164734809 0.811872828240184530
63 76.86800000000001 0.756246596890314 0.8769468219447173 0.812136568885423830
64 76.876 0.7558807522525246 0.8775624824487503 0.812189337578376330
65 76.864 0.7559721802237678 0.8772545441785389 0.812110187110187130
66 76.876 0.7570251937984496 0.876024949190553 0.812189337578376230
67 76.84 0.7561093636583596 0.8767007995511292 0.811951932445599330
68 76.85600000000001 0.7565212128548084 0.8763934656103204 0.812057428701357830
69 76.872 0.7574839413404436 0.8753501400560224 0.812162952374764530
70 76.824 0.75496768738298 0.8779939594015593 0.811846463596804730
71 76.828 0.7556979626382927 0.8770698849284311 0.811872828240184530
72 76.86 0.7556066009792661 0.8776857182979918 0.812083807048887530
73 76.836 0.7560179025039313 0.8767622922073367 0.81192556266441530
74 76.86800000000001 0.7559264634736332 0.8773776935495192 0.812136568885423730
75 76.85600000000001 0.7560636303151274 0.8770083491194837 0.812057428701357930
76 76.82 0.7550588945937783 0.8778089887640449 0.811820100665692530
77 76.872 0.7565670015736594 0.876577840112202 0.812162952374764430
78 76.864 0.75633811339021 0.8767622922073367 0.812110187110187130
79 76.9 0.7572544980917186 0.8760863470703673 0.812347684809098230
80 76.86800000000001 0.756246596890314 0.8769468219447173 0.812136568885423830
81 76.88000000000001 0.756475429678044 0.8768237934904601 0.812215724496426230
82 76.84 0.7559264634736332 0.8769468219447173 0.811951932445599330
83 76.896 0.7568418503269557 0.876577840112202 0.812321289316350430
84 76.876 0.7565670015736594 0.8766393155200224 0.812189337578376230
85 76.86 0.7561551025346319 0.8769468219447173 0.812083807048887430
86 76.876 0.7566585956416465 0.8765163733258537 0.812189337578376330
87 76.864 0.7559264634736332 0.8773161145423919 0.81211018711018730
88 76.88000000000001 0.75633811339021 0.8770083491194837 0.812215724496426330
89 76.872 0.7566127958356031 0.8765163733258537 0.812162952374764430
90 76.852 0.7558807522525246 0.8771929824561403 0.812031052067430930
91 76.86800000000001 0.75642965204236 0.8767007995511292 0.812136568885423730
92 76.876 0.7562008469449486 0.8771314293733773 0.812189337578376330
93 76.85600000000001 0.7560179025039313 0.8770698849284311 0.812057428701357730
94 76.852 0.7560179025039313 0.8770083491194837 0.812031052067431130
95 76.852 0.7559264634736332 0.8771314293733773 0.81203105206743130
96 76.88000000000001 0.756246596890314 0.8771314293733773 0.812215724496426330
97 76.876 0.756246596890314 0.8770698849284311 0.812189337578376330
98 76.876 0.756475429678044 0.8767622922073367 0.812189337578376430
99 76.876 0.756246596890314 0.8770698849284311 0.812189337578376330
100 76.876 0.7563838799467506 0.876885303402315 0.812189337578376330
1 75.8 0.7408724513987672 0.8816476230780081 0.805152979066022530
