1 75.968 0.7382471060713443 0.8880363739698778 0.806243550051599630
2 76.176 0.7393824677629244 0.8896797153024911 0.807597880863160630
3 76.464 0.7483685565467282 0.8814611099358296 0.809480637223157730
4 76.46 0.7500750075007501 0.8790436005625879 0.809454427715719630
5 76.564 0.7574380415681997 0.8707160769016439 0.810136426974302430
6 76.524 0.7598784194528876 0.8669117137110757 0.809873983608150830
7 76.432 0.7519701618239788 0.876024949190553 0.809271008675385330
8 76.64 0.7597860442499392 0.8687795385043091 0.810635538261997330
9 76.64 0.7561093636583596 0.87363712608331 0.810635538261997330
10 76.72 0.7526040098741646 0.879600309619309 0.811161583387410830
11 76.74 0.7601094557616297 0.8698677800974252 0.811293201362972630
12 76.54799999999999 0.7503001200480192 0.8800957544180806 0.810031429219453730
13 76.66 0.7625671059053196 0.8654711625008654 0.810766985568347630
14 76.764 0.7545119816502686 0.8776857182979918 0.811451199324872530
15 76.372 0.742104013298504 0.8888572850743085 0.808878247646164330
16 76.752 0.7604331427180923 0.8696257130930848 0.811372192652213530
18 76.684 0.758173106083581 0.8715660298424208 0.810924778617535330
19 76.55199999999999 0.750435252446419 0.8799718409010912 0.810057676106538930
20 76.592 0.7526493256262042 0.8775624824487503 0.810320238558278230
21 76.69200000000001 0.7589095986886042 0.8707160769016439 0.81097738995036830
22 76.62 0.7511567814434229 0.8800337932976626 0.810504133571081330
23 76.604 0.7531027834678877 0.8771314293733773 0.810399040487536130
24 76.728 0.7567502118900593 0.8741258741258742 0.811214225452657530
25 76.556 0.7509311546317433 0.8793527963418923 0.810083924694598230
26 76.628 0.7581271227559437 0.8707767328456983 0.810556690334922130
27 76.76 0.7622880839126723 0.8673327782403553 0.811424862057773430
29 76.668 0.7517440461871542 0.8799718409010912 0.810819576427853230
30 76.736 0.7586332463433878 0.8717483785480159 0.811266874350986430
31 76.664 0.7528306432185016 0.8784258608573436 0.810793280145294230
32 76.71600000000001 0.7583570951889825 0.8718091784070303 0.811135264916777530
33 76.736 0.7540568257223864 0.8778706369829342 0.811266874350986530
34 76.77199999999999 0.7609423510074876 0.8692628650904033 0.811503878988541530
35 76.7 0.7530574130971746 0.8786728525235484 0.811030008110300130
36 76.768 0.7606645165216332 0.8695652173913043 0.811477538301739730
37 76.676 0.7526040098741646 0.8789199831247363 0.810872174110473330
38 76.676 0.7586792910900704 0.8707767328456983 0.810872174110473230
39 76.72 0.7542388221806553 0.8773776935495192 0.811161583387410730
40 76.764 0.76057195010648 0.8696257130930848 0.811451199324872530
41 76.66 0.7526946468356717 0.8785493393308969 0.810766985568347730
42 76.76 0.7539203860072377 0.8784258608573436 0.811424862057773530
43 76.708 0.758173106083581 0.8719308035714286 0.8110826330986630
44 76.712 0.7538749170737591 0.8777473492030055 0.81110894815391630
45 76.628 0.7510213890891613 0.8803436861750827 0.810556690334922130
46 76.676 0.7585411736149038 0.870958751393534 0.810872174110473230
47 76.74 0.759555204472261 0.8705947903607745 0.811293201362972630
48 76.696 0.7579432452097987 0.8720524626761545 0.811003698176863730
49 76.78399999999999 0.7593245049204228 0.8715660298424208 0.811582911310219430
50 76.732 0.7600170243813461 0.8698677800974252 0.811240549047603630
51 76.708 0.7531935406121957 0.8786110915864201 0.811082633098659930
52 76.62400000000001 0.7521964135275003 0.8786728525235484 0.810530411101024430
53 76.744 0.753693096171239 0.8784875957551479 0.811319530083728130
54 76.736 0.7585411736149038 0.8718699867475762 0.811266874350986430
55 76.79199999999999 0.7613594834937264 0.8690211345939933 0.811635608077397430
57 76.764 0.7546030787805614 0.8775624824487503 0.811451199324872630
58 76.74 0.7539658604258399 0.8780556336049452 0.811293201362972630
59 76.74 0.7592322643343051 0.8710194411539266 0.811293201362972630
60 76.78 0.7594629078315815 0.8713230168688136 0.811556565492614830
61 76.668 0.7523775129408932 0.8791054223222449 0.810819576427853230
62 76.776 0.7597398650702 0.8708980700898766 0.811530221385444430
63 76.816 0.7607571054713651 0.8701705534284719 0.811793739446681330
64 76.78 0.7600632372613402 0.870534159760429 0.811556565492614930
65 76.72 0.7535567880395466 0.8783024170882519 0.811161583387410830
66 76.724 0.7540113403305586 0.8777473492030055 0.81118790356598230
67 76.744 0.7542843350229302 0.8776857182979918 0.811319530083728130
68 76.752 0.7589095986886042 0.8716268042674848 0.811372192652213330
69 76.688 0.7531935406121957 0.8783024170882519 0.810951083430647430
70 76.756 0.7600170243813461 0.8702311333890281 0.811398526500275830
71 76.78 0.7603868848470101 0.8701099819017124 0.811556565492614830
72 76.732 0.7536022186049316 0.8784258608573436 0.811240549047603730
73 76.756 0.753829453624412 0.8784875957551479 0.811398526500275830
74 76.68 0.7531935406121957 0.8781790080089925 0.81089847551086630
75 76.712 0.7541478129713424 0.8773776935495192 0.811108948153916130
76 76.71600000000001 0.7532389273877674 0.8786728525235484 0.811135264916777630
77 76.78 0.7599246154781446 0.8707160769016439 0.811556565492614930
78 76.77199999999999 0.7599246154781446 0.8705947903607745 0.811503878988541630
79 76.74799999999999 0.7537839956582042 0.8784258608573436 0.811345860513419730
80 76.76 0.7596475235490733 0.8707767328456983 0.811424862057773430
81 76.708 0.753693096171239 0.8779322938614974 0.8110826330986630
82 76.804 0.7603868848470101 0.8704735376044568 0.811714666060586430
83 76.768 0.7593245049204228 0.8713230168688136 0.811477538301739930
84 76.79199999999999 0.7600632372613402 0.8707160769016439 0.811635608077397730
85 76.72 0.753465943339361 0.8784258608573436 0.811161583387410730
86 76.732 0.7540568257223864 0.8778089887640449 0.811240549047603630
87 76.728 0.7537839956582042 0.8781173164734809 0.811214225452657530
88 76.788 0.7603406326034063 0.8702917217851424 0.811609258838424830
89 76.696 0.7532843196336025 0.8783024170882519 0.811003698176863730
91 76.71600000000001 0.7533751205400193 0.8784875957551479 0.811135264916777630
92 76.764 0.7598784194528876 0.870534159760429 0.811451199324872630
93 76.74 0.7539203860072377 0.8781173164734809 0.811293201362972730
94 76.724 0.7538749170737591 0.8779322938614974 0.811187903565981930
95 76.77199999999999 0.7597860442499392 0.8707767328456983 0.811503878988541730
96 76.72 0.7535113629513533 0.8783641346356545 0.811161583387410730
97 76.72 0.7535113629513533 0.8783641346356545 0.811161583387410730
98 76.71600000000001 0.7536476546484987 0.8781173164734809 0.811135264916777530
99 76.724 0.7536022186049316 0.8783024170882519 0.81118790356598230
100 76.724 0.7535113629513533 0.8784258608573436 0.81118790356598230
