1 50.092000000000006 0.5004804612427931 0.9999200063994881 0.6670758064946540
2 50.092000000000006 0.5004804612427931 0.9999200063994881 0.6670758064946540
3 50.092000000000006 0.5004804612427931 0.9999200063994881 0.6670758064946540
4 50.092000000000006 0.5004804612427931 0.9999200063994881 0.6670758064946540
5 50.092000000000006 0.5004804612427931 0.9999200063994881 0.6670758064946540
6 50.092000000000006 0.5004804612427931 0.9999200063994881 0.6670758064946540
7 50.096000000000004 0.5005005005005005 0.9999200063994881 0.667093606574874640
8 50.088 0.5004604235897026 0.9999200063994881 0.667058007364320440
9 50.096000000000004 0.5005005005005005 0.9999200063994881 0.667093606574874640
10 50.096000000000004 0.5005005005005005 0.9999200063994881 0.667093606574874640
11 50.096000000000004 0.5005005005005005 0.9999200063994881 0.667093606574874640
12 50.096000000000004 0.5005005005005005 0.9999200063994881 0.667093606574874640
13 50.096000000000004 0.5005005005005005 0.9999200063994881 0.667093606574874640
14 50.096000000000004 0.5005005005005005 0.9999200063994881 0.667093606574874640
15 50.092000000000006 0.5004804612427931 0.9999200063994881 0.6670758064946540
16 50.092000000000006 0.5004804612427931 0.9999200063994881 0.6670758064946540
17 50.092000000000006 0.5004804612427931 0.9999200063994881 0.6670758064946540
18 50.092000000000006 0.5004804612427931 0.9999200063994881 0.6670758064946540
19 50.092000000000006 0.5004804612427931 0.9999200063994881 0.6670758064946540
20 50.096000000000004 0.5005005005005005 0.9999200063994881 0.667093606574874640
21 50.092000000000006 0.5004804612427931 0.9999200063994881 0.6670758064946540
22 50.092000000000006 0.5004804612427931 0.9999200063994881 0.6670758064946540
23 50.096000000000004 0.5005005005005005 0.9999200063994881 0.667093606574874640
24 50.092000000000006 0.5004804612427931 0.9999200063994881 0.6670758064946540
25 77.884 0.7659313725490197 0.8797241185164333 0.818893511087818340
26 77.792 0.7669652718124923 0.8769468219447173 0.818277035873265340
27 77.916 0.7731321128154379 0.8708980700898766 0.819108155040791640
29 77.676 0.7632189522530224 0.8800957544180806 0.817501062751381540
30 77.928 0.7744733581164808 0.8693837807761858 0.819188675535749440
31 77.964 0.7676246622451486 0.8787346221441125 0.819430332033170540
32 77.92399999999999 0.7696570408226094 0.8754727552878554 0.819161833611848240
33 77.836 0.7667300496841072 0.8779322938614974 0.818571756000130940
34 77.928 0.774233508826262 0.8696862172128296 0.819188675535749540
35 77.824 0.7657906022177295 0.8789817874973631 0.818491356731272840
36 77.86 0.7685686178061978 0.875902179244622 0.81873260193220940
37 77.872 0.7732277619695658 0.8701099819017124 0.818813048604742640
38 77.85600000000001 0.7676246622451486 0.8770698849284311 0.818705789887346140
39 77.928 0.7685213648939441 0.8770083491194837 0.819188675535749440
40 77.916 0.7682851874615857 0.8771314293733773 0.819108155040791540
41 77.904 0.7693254554406697 0.8755954048753152 0.819027650373476740
42 77.976 0.7707010296565756 0.8749212570868622 0.819510915885399640
43 77.92399999999999 0.7694675284702985 0.875718088832843 0.819161833611848440
44 77.896 0.7680963500061447 0.8770698849284311 0.81897398938609740
45 77.876 0.7694201649636834 0.8750437521876093 0.818839867675477340
46 77.948 0.7708911501695961 0.8742481465939292 0.819322911545898540
47 77.912 0.7692781094221183 0.8757794437048974 0.8190813183932940
48 77.89200000000001 0.7689468503937008 0.875902179244622 0.818947161529138240
49 77.908 0.7684268764984324 0.8768237934904601 0.819054483504242740
50 77.928 0.7687104114138121 0.8767622922073367 0.819188675535749440
51 77.864 0.7684741177917128 0.8760863470703673 0.818759415733280840
52 77.904 0.7677189534455227 0.8776857182979918 0.819027650373476640
53 77.92 0.774761373496963 0.8689003197553177 0.8191349934469240
54 77.952 0.7706535141800247 0.8746151693254968 0.81934976402726840
55 77.85600000000001 0.7716525711463671 0.8718699867475762 0.818705789887346140
57 77.872 0.7682851874615857 0.8764549151591642 0.818813048604742640
58 77.85600000000001 0.7679547828223874 0.8766393155200224 0.81870578988734640
59 77.952 0.7695148978084215 0.8760863470703673 0.819349764027267940
60 77.872 0.7676246622451486 0.8773161145423919 0.818813048604742540
61 77.88 0.7677661077329402 0.8772545441785389 0.818866688503111640
62 77.916 0.7687576875768758 0.8765163733258537 0.819108155040791540
63 77.888 0.7690887836091799 0.8756567425569177 0.818920335429769440
64 77.884 0.7680491551459293 0.8769468219447173 0.818893511087818240
65 77.912 0.7683796410130317 0.8769468219447173 0.819081318393290140
66 77.888 0.7687104114138121 0.8761477535571599 0.818920335429769340
67 77.944 0.7697044334975369 0.875718088832843 0.819296060824539540
68 77.84800000000001 0.7682379693933993 0.8761477535571599 0.818652171065557740
69 77.952 0.7699889121596649 0.8754727552878554 0.819349764027267940
70 77.936 0.7700363457155178 0.8751662815935027 0.819242364661161440
71 77.904 0.7677189534455227 0.8776857182979918 0.819027650373476640
72 77.94 0.7700363457155178 0.875227559165383 0.819269211863018340
73 77.9 0.7689941556444171 0.8759635599159075 0.819000819000818940
74 77.88 0.7693254554406697 0.875227559165383 0.818866688503111840
75 77.932 0.7690414667158854 0.8763934656103204 0.819215519218796140
76 77.916 0.769941484447182 0.874982500349993 0.819108155040791640
77 77.92399999999999 0.7688995509626623 0.8764549151591642 0.819161833611848540
78 77.932 0.7701786814540974 0.8749212570868622 0.819215519218796140
79 77.884 0.7690887836091799 0.8755954048753152 0.818893511087818340
80 77.92 0.7684741177917128 0.8769468219447173 0.819134993446920140
81 77.912 0.7698940625769894 0.874982500349993 0.819081318393290140
82 77.964 0.7699889121596649 0.8756567425569177 0.819430332033170440
83 77.872 0.7686158765295455 0.876024949190553 0.818813048604742640
84 77.912 0.7697518320093601 0.8751662815935027 0.819081318393290140
85 77.936 0.7698466465480076 0.8754114433783878 0.819242364661161440
86 77.9 0.7693254554406697 0.8755340757862295 0.81900081900081940
87 77.89200000000001 0.7682379693933993 0.8768237934904601 0.818947161529138340
88 77.9 0.7685686178061978 0.8765163733258537 0.819000819000819140
89 77.94 0.7701312303616537 0.8751050126015122 0.819269211863018240
90 77.904 0.7696096539834996 0.875227559165383 0.819027650373476740
91 77.928 0.7696570408226094 0.8755340757862295 0.819188675535749340
92 77.928 0.7695148978084215 0.875718088832843 0.819188675535749440
93 77.904 0.7696096539834996 0.875227559165383 0.819027650373476740
94 77.896 0.7693728072874992 0.8754114433783878 0.81897398938609740
95 77.928 0.7697518320093601 0.8754114433783878 0.819188675535749540
96 77.9 0.7694201649636834 0.8754114433783878 0.819000819000818940
97 77.908 0.7694675284702985 0.8754727552878554 0.819054483504242640
98 77.932 0.7698940625769894 0.8752888453189552 0.81921551921879640
99 77.912 0.7696096539834996 0.8753501400560224 0.8190813183932940
100 77.904 0.7695622729791295 0.8752888453189552 0.819027650373476640
1 76.8 0.7519701618239788 0.8817098116667842 0.811688311688311740
