1 76.064 0.7336972471679286 0.896250089625009 0.80686806093467640
2 77.188 0.7641520968333537 0.8713837574067619 0.814252678891313640
3 77.51599999999999 0.7657436902719922 0.8743092956564315 0.816433166780967240
4 77.544 0.7660721946436232 0.8743092956564315 0.816619847128764740
5 77.428 0.7757711164897908 0.8602890571231934 0.815847012368240640
6 77.524 0.7660252481921804 0.8740647507167331 0.816486495313367640
7 77.58800000000001 0.7692781094221183 0.8708373972411871 0.816913374505767440
8 77.5 0.7616842361830479 0.8794146616012383 0.816326530612244940
9 77.452 0.7652280379553107 0.8740036358551252 0.81600678917648640
10 77.66 0.7689941556444171 0.8722958827634334 0.817394147457904340
11 77.584 0.7678132678132679 0.8726612678022898 0.816886681479545140
12 77.66 0.7666830225711482 0.8752888453189552 0.817394147457904240
13 77.688 0.7724632307502163 0.8682967490969714 0.817581267577997240
14 77.652 0.7655092167309694 0.8767007995511292 0.81734070029751240
15 77.484 0.7603406326034063 0.8809641271407428 0.816219922295863340
16 77.632 0.7710813645055826 0.8692024198595368 0.817207112970711240
18 77.64800000000001 0.7680019660850331 0.873392956959195 0.817313979338302540
19 77.62 0.763498656242365 0.8788581874428743 0.817126981532930240
20 77.688 0.7710813645055826 0.8700494188069883 0.817581267577997240
21 77.544 0.7631257631257631 0.8781790080089925 0.816619847128764740
22 77.596 0.7696570408226094 0.8704735376044568 0.816966765791967540
23 77.44 0.7591400461557148 0.881896430083251 0.815926892950391840
24 77.64800000000001 0.7699889121596649 0.8708373972411871 0.817313979338302540
25 77.564 0.7618235007313505 0.8802197028378284 0.816753242510372640
26 77.66 0.7650407001652488 0.8774392812017409 0.817394147457904340
27 77.644 0.7703685443115986 0.8702917217851424 0.81728726012618940
29 77.768 0.7707485509927241 0.8716875871687587 0.818116368872308340
30 77.712 0.771033802121885 0.8704735376044568 0.817741724453748540
31 77.62400000000001 0.7700363457155178 0.8704129238910939 0.817153690266065240
32 77.636 0.7642922653622746 0.8780556336049452 0.817233826942564940
33 77.656 0.7658375199117755 0.8763320246775098 0.817367423003988840
34 77.684 0.7661661048115231 0.8763320246775098 0.817554530887210140
35 77.656 0.7652280379553107 0.8771314293733773 0.817367423003988740
36 77.62400000000001 0.7682851874615857 0.8726612678022898 0.817153690266065140
37 77.64800000000001 0.7657906022177295 0.8762705923589205 0.817313979338302740
38 77.644 0.7701312303616537 0.8705947903607745 0.817287260126189240
39 77.82 0.7735627204653753 0.8689003197553177 0.81846456048453140
40 77.628 0.7649470656630561 0.8770698849284311 0.817180400745268540
41 77.628 0.7698940625769894 0.8706554294072578 0.817180400745268740
42 77.62400000000001 0.7639185968343213 0.8783641346356545 0.817153690266065240
43 77.7 0.7706535141800247 0.8707767328456983 0.817661488143908440
44 77.636 0.7648534540781986 0.8773161145423919 0.817233826942564740
45 77.652 0.7650407001652488 0.8773161145423919 0.81734070029751240
46 77.684 0.7652280379553107 0.8775624824487503 0.817554530887210240
47 77.56 0.7688049695553232 0.8710194411539266 0.816726559947729640
48 77.76 0.7734191312956318 0.8681761355743853 0.818062827225130940
49 77.64800000000001 0.7649002570064863 0.8774392812017409 0.817313979338302640
50 77.652 0.7661661048115231 0.8758408071748879 0.81734070029751240
51 77.67999999999999 0.7725109696557692 0.8681158413778735 0.817527795945062240
52 77.664 0.7650407001652488 0.8775008775008775 0.817420873659429840
53 77.64 0.7643857396196416 0.8779939594015593 0.817260542661000240
54 77.676 0.7659783074943317 0.8764549151591642 0.817501062751381640
55 77.608 0.7651343575931934 0.8765163733258537 0.817046865808222740
57 77.66 0.7654154675157676 0.8769468219447173 0.817394147457904340
58 77.716 0.7723200494284832 0.8689003197553177 0.81776847338981440
59 77.656 0.7707960781895542 0.8699283179066045 0.817367423003988940
60 77.592 0.7649938800489596 0.8764549151591642 0.816940069276517940
61 77.684 0.7658375199117755 0.8767622922073367 0.817554530887210240
62 77.668 0.7660721946436232 0.8762091686527408 0.817447601608736940
63 77.64800000000001 0.7650407001652488 0.8772545441785389 0.817313979338302640
64 77.61200000000001 0.7652280379553107 0.8764549151591642 0.817073569304180340
65 77.628 0.7647130796525143 0.8773776935495192 0.817180400745268540
66 77.67999999999999 0.7655092167309694 0.8771314293733773 0.817527795945062140
67 77.652 0.7656967840735069 0.8764549151591642 0.817340700297512240
68 77.708 0.7666360012266176 0.8760863470703673 0.817714977267523540
69 77.608 0.7648066568771414 0.8769468219447173 0.817046865808222840
70 77.62 0.7650407001652488 0.8768237934904601 0.817126981532930240
71 77.64800000000001 0.7653686015184913 0.8768237934904601 0.817313979338302640
72 77.652 0.7654154675157676 0.8768237934904601 0.817340700297511940
73 77.716 0.7667300496841072 0.8760863470703673 0.817768473389813840
74 77.704 0.7661661048115231 0.8766393155200224 0.817688231830967440
75 77.67999999999999 0.7657906022177295 0.8767622922073367 0.817527795945062140
76 77.644 0.7654623392529087 0.8766393155200224 0.817287260126189140
77 77.656 0.7660252481921804 0.8760863470703673 0.817367423003988840
78 77.704 0.7712716727340039 0.8700494188069883 0.817688231830967640
79 77.7 0.7664949717929851 0.8761477535571599 0.817661488143908540
80 77.684 0.7660252481921804 0.8765163733258537 0.817554530887210240
81 77.64 0.7653686015184913 0.8767007995511292 0.817260542661000540
82 77.672 0.7661661048115231 0.8761477535571599 0.81747433130599740
83 77.656 0.7653686015184913 0.8769468219447173 0.817367423003988840
84 77.672 0.7654154675157676 0.8771314293733773 0.81747433130599740
85 77.7 0.7708911501695961 0.8704735376044568 0.817661488143908440
86 77.688 0.7663070132417852 0.8762091686527408 0.817581267577997340
87 77.67999999999999 0.7662130685300969 0.8762091686527408 0.817527795945062140
88 77.66 0.7655092167309694 0.8768237934904601 0.817394147457904240
89 77.64800000000001 0.7653686015184913 0.8768237934904601 0.817313979338302640
91 77.656 0.7655092167309694 0.8767622922073367 0.817367423003988640
92 77.672 0.7655092167309694 0.8770083491194837 0.81747433130599740
93 77.67999999999999 0.7658844433551866 0.8766393155200224 0.817527795945062140
94 77.64800000000001 0.7653686015184913 0.8768237934904601 0.817313979338302640
95 77.664 0.7656029889140687 0.8767622922073367 0.817420873659429740
96 77.652 0.7653686015184913 0.876885303402315 0.81734070029751240
97 77.664 0.7656029889140687 0.8767622922073367 0.817420873659429740
98 77.67999999999999 0.7657436902719922 0.8768237934904601 0.817527795945062140
99 77.664 0.7656967840735069 0.8766393155200224 0.817420873659429840
100 77.672 0.7656029889140687 0.876885303402315 0.81747433130599740
