1 49.995999999999995 0.500040003200256 0.9997600575861794 0.666648889362950350
2 49.995999999999995 0.500040003200256 0.9997600575861794 0.666648889362950350
3 49.995999999999995 0.500040003200256 0.9997600575861794 0.666648889362950350
4 49.995999999999995 0.500040003200256 0.9997600575861794 0.666648889362950350
5 49.995999999999995 0.500040003200256 0.9997600575861794 0.666648889362950350
6 49.995999999999995 0.500040003200256 0.9997600575861794 0.666648889362950350
7 49.995999999999995 0.500040003200256 0.9997600575861794 0.666648889362950350
8 49.995999999999995 0.500040003200256 0.9997600575861794 0.666648889362950350
9 49.995999999999995 0.500040003200256 0.9997600575861794 0.666648889362950350
10 49.995999999999995 0.500040003200256 0.9997600575861794 0.666648889362950350
11 49.995999999999995 0.500040003200256 0.9997600575861794 0.666648889362950350
12 49.995999999999995 0.500040003200256 0.9997600575861794 0.666648889362950350
13 49.995999999999995 0.500040003200256 0.9997600575861794 0.666648889362950350
14 49.995999999999995 0.500040003200256 0.9997600575861794 0.666648889362950350
15 49.995999999999995 0.500040003200256 0.9997600575861794 0.666648889362950350
16 49.995999999999995 0.500040003200256 0.9997600575861794 0.666648889362950350
17 49.995999999999995 0.500040003200256 0.9997600575861794 0.666648889362950350
18 49.995999999999995 0.500040003200256 0.9997600575861794 0.666648889362950350
19 49.995999999999995 0.500040003200256 0.9997600575861794 0.666648889362950350
20 49.995999999999995 0.500040003200256 0.9997600575861794 0.666648889362950350
21 49.995999999999995 0.500040003200256 0.9997600575861794 0.666648889362950350
22 49.995999999999995 0.500040003200256 0.9997600575861794 0.666648889362950350
23 49.995999999999995 0.500040003200256 0.9997600575861794 0.666648889362950350
24 49.995999999999995 0.500040003200256 0.9997600575861794 0.666648889362950350
25 78.52 0.7794475275924425 0.8721133049605805 0.823180770497201250
26 78.492 0.7720815318097591 0.8810883202932261 0.822991078776706150
27 78.57600000000001 0.7766869640859948 0.8764549151591642 0.823560416392146550
29 78.50399999999999 0.7785736530675802 0.872965989245059 0.823072364522288850
30 78.62400000000001 0.7822277847309136 0.8702311333890281 0.823886105984708850
31 78.608 0.7781374501992032 0.8751050126015122 0.823777514168973350
32 78.508 0.7746173390345169 0.8780556336049452 0.823099463339149950
33 78.548 0.7756267063787541 0.8773776935495192 0.82337054968217950
34 78.464 0.7749054615336929 0.8770083491194837 0.822801474460242350
35 78.56400000000001 0.7735627204653753 0.8802816901408451 0.823479034223788750
36 78.52799999999999 0.7763010806111043 0.8762091686527408 0.823234984193888350
37 78.592 0.77557858162189 0.8781173164734809 0.823668950975224250
38 78.412 0.7727975270479135 0.8789199831247363 0.822449583840510650
39 78.572 0.7758674197753088 0.8774392812017409 0.823533287215469350
40 78.53999999999999 0.7744733581164808 0.8787346221441125 0.823316318129425350
41 78.544 0.7735148514851485 0.8800337932976626 0.823343433012778250
42 78.52 0.7778953264048789 0.8740647507167331 0.823180770497201150
43 78.472 0.7745213458082905 0.8776240960471811 0.822855638206832950
44 78.56 0.7750976623054505 0.8782407082133071 0.823451910408432250
45 78.53999999999999 0.7757711164897908 0.8770698849284311 0.823316318129425350
46 78.56400000000001 0.7754342431761787 0.8778706369829342 0.823479034223788750
47 78.524 0.774857426233573 0.8779939594015593 0.823207876452961950
48 78.58000000000001 0.7802259534361151 0.8720524626761545 0.823587547356283950
49 78.51599999999999 0.7734669884289338 0.8796622097114708 0.823153666326429850
50 78.47999999999999 0.7731799344343415 0.8794765355660311 0.822909809084924250
51 78.61200000000001 0.7807132596340016 0.8719308035714286 0.823804659439153850
52 78.484 0.7744733581164808 0.8778706369829342 0.822936897198722850
53 78.69200000000001 0.7822277847309136 0.8712622847982157 0.82434794077884450
54 78.496 0.7745693394472674 0.8779322938614974 0.823018172241243250
55 78.536 0.7745693394472674 0.8785493393308969 0.823289205031943750
57 78.51599999999999 0.7753380473886614 0.8772545441785389 0.823153666326429850
58 78.584 0.7800312012480499 0.8723567590201688 0.823614680108058250
59 78.536 0.7744253763707329 0.8787346221441125 0.823289205031943650
60 78.56400000000001 0.7758674197753088 0.8773161145423919 0.823479034223788850
61 78.556 0.774233508826262 0.8792909397861565 0.823424788379829450
62 78.44800000000001 0.7724154977445468 0.8799718409010912 0.822693168355930150
63 78.572 0.7759155803848541 0.8773776935495192 0.823533287215469350
64 78.52799999999999 0.7753380473886614 0.8774392812017409 0.823234984193888250
65 78.484 0.774761373496963 0.8775008775008775 0.822936897198722850
66 78.508 0.7745213458082905 0.8781790080089925 0.8230994633391550
67 78.5 0.7745693394472674 0.8779939594015593 0.823045267489711950
68 78.508 0.7748093968883655 0.8778089887640449 0.823099463339149950
69 78.532 0.7753380473886614 0.8775008775008775 0.823262093720156850
70 78.492 0.7746653445711452 0.8777473492030055 0.822991078776706150
71 78.496 0.7742814667988107 0.8783024170882519 0.823018172241243150
72 78.51599999999999 0.7749054615336929 0.8778089887640449 0.823153666326429850
73 78.58000000000001 0.776735226495992 0.8764549151591642 0.823587547356283950
74 78.44 0.7731321128154379 0.8789199831247363 0.822639025995393250
75 78.496 0.774761373496963 0.8776857182979918 0.823018172241243250
76 78.488 0.774041736330423 0.8784875957551479 0.822963987095924750
77 78.56 0.7757229738115924 0.8774392812017409 0.823451910408432150
78 78.476 0.7738021542651975 0.8786110915864201 0.82288272275435350
79 78.56400000000001 0.7761082826275922 0.8770083491194837 0.823479034223788850
80 78.58800000000001 0.7762046696472926 0.8772545441785389 0.82364181464764650
81 78.55199999999999 0.775819265143992 0.8771929824561403 0.823397668137803850
82 78.568 0.7759637469737414 0.8772545441785389 0.823506159826075450
83 78.53999999999999 0.7756748371082842 0.8771929824561403 0.823316318129425450
84 78.56400000000001 0.7757711164897908 0.8774392812017409 0.823479034223788750
85 78.5 0.7749054615336929 0.8775624824487503 0.82304526748971250
86 78.57600000000001 0.7757229738115924 0.8776857182979918 0.823560416392146550
87 78.536 0.7751457273967506 0.8778089887640449 0.823289205031943750
88 78.53999999999999 0.7755304628365802 0.8773776935495192 0.823316318129425350
89 78.55199999999999 0.7750496031746031 0.8781790080089925 0.823397668137803850
90 78.56 0.77557858162189 0.8776240960471811 0.823451910408432250
91 78.536 0.7754342431761787 0.8774392812017409 0.823289205031943650
92 78.56 0.7757711164897908 0.8773776935495192 0.823451910408432150
93 78.584 0.7761082826275922 0.8773161145423919 0.823614680108058350
94 78.548 0.7757711164897908 0.8771929824561403 0.823370549682178950
95 78.51599999999999 0.7754342431761787 0.8771314293733773 0.823153666326429850
96 78.53999999999999 0.7756267063787541 0.8772545441785389 0.823316318129425350
97 78.544 0.7756748371082842 0.8772545441785389 0.823343433012778250
98 78.53999999999999 0.77557858162189 0.8773161145423919 0.823316318129425450
99 78.548 0.775819265143992 0.8771314293733773 0.823370549682178950
100 78.52799999999999 0.7755304628365802 0.8771929824561403 0.823234984193888350
1 77.536 0.7568418503269557 0.8865248226950354 0.816566501175855850
