1 77.69200000000001 0.7591861524445794 0.8857709750566893 0.817608006017594950
2 78.232 0.7768800497203232 0.870958751393534 0.821233821693712650
3 78.044 0.7650875260129759 0.8833298000141333 0.819967857259995550
4 78.128 0.7746653445711452 0.8721741557354172 0.820533018248654350
5 78.3 0.7701786814540974 0.8805917576611483 0.821692686935086350
6 78.352 0.7740896705474363 0.8763320246775098 0.822043930027620650
7 78.33600000000001 0.7763492950748401 0.8732099196646874 0.821935823250920650
8 78.396 0.7710813645055826 0.8809020436927414 0.822341370349659550
9 78.388 0.7707485509927241 0.8812125484666902 0.822287274282143150
10 78.464 0.7739938080495357 0.8781790080089925 0.822801474460242350
11 78.216 0.7686631410650596 0.8812746756909193 0.821125927872298550
12 78.568 0.7816897004565068 0.8700494188069883 0.823506159826075450
13 78.472 0.7795447458684128 0.8712622847982157 0.82285563820683350
14 78.32000000000001 0.7693254554406697 0.8820208862545865 0.82182774490466850
15 78.408 0.7731321128154379 0.8784258608573436 0.822422527797881550
16 78.364 0.7784281977830365 0.8710194411539266 0.82212502877437650
18 78.38000000000001 0.7723677706376668 0.8789817874973631 0.822233185331359950
19 78.32000000000001 0.7712240868706811 0.8795384182381086 0.82182774490466850
20 78.524 0.7791560182010846 0.872539438782633 0.823207876452961850
21 78.47999999999999 0.7803720814084155 0.8703523186185768 0.822909809084924350
22 78.456 0.7777985190716197 0.8732099196646874 0.822747317843743850
23 78.56400000000001 0.776735226495992 0.8762091686527408 0.823479034223788750
24 78.508 0.7782827968370587 0.873392956959195 0.823099463339149950
25 78.50399999999999 0.7787676780262912 0.872722195070865 0.823072364522288850
26 78.53999999999999 0.7793017456359103 0.8726003490401396 0.823316318129425450
27 78.30799999999999 0.7708436112481499 0.8798479622721194 0.821746704795713950
29 78.428 0.7714620749243967 0.8809020436927414 0.822557825815154850
30 78.532 0.7751937984496124 0.8776857182979918 0.823262093720156850
31 78.56400000000001 0.7752899584444582 0.8780556336049452 0.823479034223788750
32 78.492 0.7752418754651451 0.8770083491194837 0.822991078776706150
33 78.52 0.7778469197261979 0.8741258741258742 0.823180770497201250
34 78.484 0.7760600980939965 0.8758408071748879 0.822936897198722950
35 78.50399999999999 0.779010345257385 0.8724176437744277 0.823072364522288750
36 78.52 0.7793017456359103 0.8722958827634334 0.823180770497201350
37 78.512 0.7739458857036716 0.8789817874973631 0.823126563940471550
38 78.57600000000001 0.7792531637678449 0.8732099196646874 0.823560416392146550
39 78.58000000000001 0.7800798801797304 0.8722350150024423 0.82358754735628450
40 78.532 0.7787191627211563 0.8732099196646874 0.823262093720156850
41 78.512 0.7797878976918278 0.8715660298424208 0.823126563940471550
42 78.408 0.7726064651709006 0.8791054223222449 0.822422527797881550
43 78.58800000000001 0.7753380473886614 0.8783641346356545 0.82364181464764650
44 78.476 0.7738979692917286 0.8784875957551479 0.822882722754352950
45 78.496 0.7771698582442178 0.8746151693254968 0.82301817224124350
46 78.532 0.7754823500217135 0.8773161145423919 0.823262093720156850
47 78.428 0.7721769211761799 0.8799718409010912 0.822557825815154850
48 78.58000000000001 0.7804208028969221 0.8718091784070303 0.823587547356283950
49 78.468 0.7733712800841428 0.8790436005625879 0.822828555442188150
50 78.60000000000001 0.7805670038716124 0.8719308035714286 0.823723228995057750
51 78.512 0.7745693394472674 0.8781790080089925 0.823126563940471650
52 78.584 0.7795447458684128 0.872965989245059 0.823614680108058350
53 78.46 0.7734191312956318 0.8788581874428743 0.822774395260819550
54 78.464 0.7727019842986956 0.8798479622721194 0.822801474460242250
55 78.61200000000001 0.7799338616085356 0.8729050279329609 0.823804659439153850
57 78.508 0.7738979692917286 0.8789817874973631 0.823099463339149950
58 78.452 0.7723200494284832 0.8801577242641881 0.822720242208839350
59 78.52 0.7739458857036716 0.8791054223222449 0.823180770497201250
60 78.42 0.7727497527200792 0.8791054223222449 0.822503701266655750
61 78.492 0.7778953264048789 0.87363712608331 0.822991078776706150
62 78.512 0.7782827968370587 0.8734539864439941 0.823126563940471550
63 78.476 0.7738979692917286 0.8784875957551479 0.822882722754352950
64 78.536 0.7780890133831311 0.8740647507167331 0.823289205031943750
65 78.44800000000001 0.773754255648406 0.8782407082133071 0.822693168355929950
66 78.52799999999999 0.7744253763707329 0.8786110915864201 0.823234984193888250
67 78.5 0.7776533532412592 0.8740647507167331 0.82304526748971250
68 78.56 0.7797392551930634 0.8723567590201688 0.823451910408432250
69 78.47999999999999 0.7739938080495357 0.8784258608573436 0.822909809084924350
70 78.44 0.7735627204653753 0.8783641346356545 0.822639025995393250
71 78.52 0.7745693394472674 0.8783024170882519 0.823180770497201250
72 78.47999999999999 0.773706362961129 0.8787964004499438 0.822909809084924450
73 78.464 0.7733712800841428 0.8789817874973631 0.822801474460242350
74 78.52799999999999 0.7747133560582584 0.8782407082133071 0.823234984193888250
75 78.484 0.7739458857036716 0.8785493393308969 0.822936897198722950
76 78.47999999999999 0.7741376107016783 0.8782407082133071 0.822909809084924450
77 78.484 0.7743294307130025 0.8780556336049452 0.822936897198722950
78 78.512 0.7746173390345169 0.8781173164734809 0.823126563940471650
79 78.412 0.7733712800841428 0.8781790080089925 0.822449583840510550
80 78.44800000000001 0.7733712800841428 0.8787346221441125 0.8226931683559350
81 78.512 0.7745213458082905 0.8782407082133071 0.823126563940471650
82 78.50399999999999 0.7743774005699418 0.8783024170882519 0.823072364522288750
83 78.47999999999999 0.7738021542651975 0.8786728525235484 0.822909809084924350
84 78.5 0.7745693394472674 0.8779939594015593 0.823045267489711950
85 78.604 0.7799338616085356 0.872783130847647 0.823750370687666950
86 78.47999999999999 0.774041736330423 0.8783641346356545 0.822909809084924350
87 78.508 0.7742814667988107 0.8784875957551479 0.823099463339149950
88 78.452 0.7738979692917286 0.8781173164734809 0.822720242208839350
89 78.488 0.7744733581164808 0.8779322938614974 0.822963987095924750
91 78.488 0.7742814667988107 0.8781790080089925 0.822963987095924650
92 78.444 0.7736584762022652 0.8783024170882519 0.8226660962848450
93 78.50399999999999 0.7745213458082905 0.8781173164734809 0.823072364522288850
94 78.488 0.7743294307130025 0.8781173164734809 0.822963987095924750
95 78.476 0.7741855567942525 0.8781173164734809 0.82288272275435350
96 78.548 0.7792045879566138 0.872844075134418 0.823370549682178950
97 78.488 0.7742814667988107 0.8781790080089925 0.822963987095924650
98 78.50399999999999 0.7742814667988107 0.8784258608573436 0.823072364522288850
99 78.488 0.7741855567942525 0.8783024170882519 0.822963987095924850
100 78.492 0.774233508826262 0.8783024170882519 0.82299107877670650
