25 78.948 0.7804695304695305 0.8773776935495192 0.826091266563129860
26 78.9 0.7822767382189123 0.8743704532736429 0.825763831544178360
27 78.96799999999999 0.7785251619332337 0.8801577242641881 0.826227774472866860
29 78.83200000000001 0.7776533532412592 0.8791672527781685 0.825300409349003160
30 78.896 0.7788647267742539 0.8786110915864201 0.825736557008851860
31 78.776 0.7724154977445468 0.8850810734263258 0.824919157922523660
32 78.928 0.7835025698884293 0.8732709235713287 0.825954803753138660
33 78.936 0.7813476684585573 0.8760863470703673 0.82600938346659660
34 78.896 0.7802746566791511 0.8768237934904601 0.825736557008851860
35 78.912 0.7786221502429301 0.8791672527781685 0.825845665961945160
36 78.82400000000001 0.778816199376947 0.8775624824487503 0.82524592328513960
37 78.932 0.7799338616085356 0.8778089887640449 0.825982092708230160
38 78.77199999999999 0.7760119195430841 0.8803436861750827 0.824891939155970660
39 78.976 0.7828156312625251 0.8748600223964166 0.826282390269698560
40 78.88 0.7777985190716197 0.8797241185164333 0.825627476882430760
41 78.836 0.7778953264048789 0.8789199831247363 0.825327655079066460
42 78.972 0.78125 0.8767622922073367 0.82625508146875160
43 78.86800000000001 0.7786221502429301 0.8784875957551479 0.825545685698246560
44 78.92 0.7799825283913641 0.8775624824487503 0.825900231252064760
45 78.836 0.7785251619332337 0.8781173164734809 0.825327655079066560
46 78.948 0.7826195842724768 0.8746763697431951 0.826091266563129960
47 78.876 0.7786221502429301 0.8786110915864201 0.82560021135365460
48 78.964 0.7808107939284152 0.8771929824561403 0.826200469281866560
49 78.852 0.7783797247649293 0.8785493393308969 0.825436655991019260
50 78.896 0.78125 0.8755954048753152 0.82573655700885260
51 78.82000000000001 0.7777501244400199 0.8788581874428743 0.825218682950982160
52 78.848 0.7785736530675802 0.8782407082133071 0.825409403063919760
53 78.876 0.777992157839049 0.8794146616012383 0.825600211353654160
54 78.86 0.7816408204102051 0.8745539774714896 0.825491167244510460
55 78.928 0.7795933641012848 0.8781790080089925 0.825954803753138660
57 78.836 0.7769766285430134 0.8800957544180806 0.825327655079066460
58 78.876 0.7791560182010846 0.8779322938614974 0.825600211353654160
59 78.92399999999999 0.7797392551930634 0.8779322938614974 0.82592751660114360
60 78.876 0.7785736530675802 0.8786728525235484 0.82560021135365460
61 78.936 0.7799338616085356 0.8778706369829342 0.826009383466596160
62 78.876 0.7788647267742539 0.8783024170882519 0.825600211353654160
63 78.848 0.7793989275470757 0.8771929824561403 0.825409403063919660
64 78.876 0.7785736530675802 0.8786728525235484 0.82560021135365460
65 78.896 0.7784766768387619 0.8791054223222449 0.82573655700885260
66 78.92399999999999 0.7780405825967882 0.8800957544180806 0.82592751660114360
67 78.876 0.7784766768387619 0.8787964004499438 0.825600211353654160
68 78.932 0.779690618762475 0.8781173164734809 0.825982092708230260
69 78.848 0.7781374501992032 0.8787964004499438 0.825409403063919660
70 78.94 0.7800798801797304 0.8777473492030055 0.826036676028415660
71 78.79599999999999 0.777363184079602 0.8789817874973631 0.825055278703673160
72 78.904 0.7799338616085356 0.8773776935495192 0.825791107881350460
73 78.904 0.7789132602193419 0.8786728525235484 0.825791107881350460
74 78.86800000000001 0.7787191627211563 0.8783641346356545 0.825545685698246660
75 78.89200000000001 0.7791560182010846 0.8781790080089925 0.825709284275192560
76 78.876 0.7776533532412592 0.8798479622721194 0.825600211353654160
77 78.872 0.7792531637678449 0.8777473492030055 0.825572947625652360
78 78.89200000000001 0.7787191627211563 0.8787346221441125 0.825709284275192560
79 78.876 0.7782827968370587 0.8790436005625879 0.825600211353654160
80 78.904 0.7794961336991768 0.8779322938614974 0.825791107881350260
81 78.888 0.7785251619332337 0.8789199831247363 0.825682013343021460
82 78.86800000000001 0.7785736530675802 0.8785493393308969 0.825545685698246760
83 78.884 0.7785736530675802 0.8787964004499438 0.825654744212160360
84 78.836 0.7787191627211563 0.8778706369829342 0.825327655079066560
85 78.9 0.779010345257385 0.8784875957551479 0.825763831544178260
86 78.9 0.779690618762475 0.8776240960471811 0.825763831544178360
87 78.84 0.7783312577833126 0.8784258608573436 0.825354902608121560
88 78.86800000000001 0.778961799713342 0.8780556336049452 0.825545685698246660
89 78.864 0.7791560182010846 0.8777473492030055 0.825518425571258860
90 78.86800000000001 0.7786221502429301 0.8784875957551479 0.825545685698246560
91 78.876 0.7795447458684128 0.8774392812017409 0.825600211353654160
92 78.89200000000001 0.7796419883989272 0.8775624824487503 0.825709284275192460
93 78.83200000000001 0.7791560182010846 0.8772545441785389 0.825300409349003160
94 78.88 0.7792045879566138 0.8779322938614974 0.825627476882430560
95 78.852 0.7791074545001246 0.8776240960471811 0.825436655991019260
96 78.84 0.7779437391087877 0.8789199831247363 0.825354902608121560
97 78.852 0.7785736530675802 0.8783024170882519 0.825436655991019260
98 78.912 0.7792531637678449 0.8783641346356545 0.825845665961945260
99 78.884 0.7791560182010846 0.8780556336049452 0.825654744212160260
100 78.84 0.7781374501992032 0.8786728525235484 0.825354902608121560
1 77.79599999999999 0.759093945466691 0.8875319511502414 0.818303819842230960
