1 77.72 0.7575757575757576 0.8884150675195451 0.817795224075891460
2 78.144 0.7722723341159027 0.8754727552878554 0.82064075630252160
3 78.472 0.7774115305678214 0.8739425295392576 0.822855638206833260
4 78.27199999999999 0.7747133560582584 0.8743092956564315 0.821503680336487960
5 78.58000000000001 0.7801285651875429 0.8721741557354172 0.823587547356283960
6 78.33200000000001 0.7718908237618871 0.8788581874428743 0.821908800999441260
7 78.596 0.7805670038716124 0.8718699867475762 0.823696089090968960
8 78.736 0.7839939789262419 0.8697467297522962 0.824647051062145460
9 78.688 0.7775082415873609 0.8771314293733773 0.824320759694012260
10 78.61200000000001 0.7784281977830365 0.8747987962768563 0.823804659439153960
11 78.608 0.776445741971551 0.8772545441785389 0.823777514168973360
12 78.604 0.7804695304695305 0.8721133049605805 0.823750370687666860
13 78.7 0.7827175954915466 0.8707767328456983 0.824402308326463360
14 78.74 0.7825705878670256 0.8715660298424208 0.824674253669800360
15 78.744 0.785570638511815 0.8679350090265241 0.824701458072177960
16 78.72399999999999 0.7797878976918278 0.8747987962768563 0.82456545400573960
18 78.716 0.7835516830690152 0.869988864142539 0.824511064938491560
19 78.58000000000001 0.7763492950748401 0.8769468219447173 0.82358754735628460
20 78.8 0.7840923347133358 0.8705947903607745 0.825082508250825160
21 78.62400000000001 0.774761373496963 0.8796622097114708 0.823886105984708760
22 78.736 0.7832570963092925 0.8706554294072578 0.824647051062145360
23 78.704 0.7848307904815722 0.8682364381468362 0.824429494789605760
24 78.72399999999999 0.779690618762475 0.8749212570868622 0.824565454005739160
25 78.676 0.7821788373693761 0.8710801393728222 0.824239227193300660
26 78.67999999999999 0.7776533532412592 0.8768237934904601 0.824266402901417760
27 78.656 0.7822767382189123 0.8706554294072578 0.824103375527426260
28 78.74 0.781983109164842 0.8722958827634334 0.824674253669800560
29 78.768 0.7828646583578631 0.8716268042674848 0.824864722185561560
30 78.776 0.7813965118459711 0.873576071004263 0.824919157922523660
31 78.7 0.7848307904815722 0.8681761355743853 0.824402308326463360
32 78.708 0.7836499279042066 0.8697467297522962 0.824456683045872760
33 78.74 0.7833061787191378 0.8706554294072578 0.824674253669800460
34 78.644 0.7809083525957393 0.8721741557354172 0.824021886021292760
35 78.79599999999999 0.7844860047696749 0.8700494188069883 0.825055278703673260
36 78.712 0.7845352413230402 0.8687191604698034 0.824483873095442460
37 78.788 0.7865097841817152 0.8674531575294934 0.82500082500082560
38 78.696 0.7825705878670256 0.8708980700898766 0.824375123656268560
39 78.764 0.7836008024072216 0.8706554294072578 0.824837507011118860
40 78.66 0.7832570963092925 0.8695047301057318 0.824130542277896860
41 78.788 0.7828646583578631 0.8719308035714286 0.825000825000824960
42 78.72399999999999 0.7822767382189123 0.8716875871687587 0.82456545400573960
43 78.652 0.7802746566791511 0.8730879374170566 0.824076210567953260
44 78.728 0.7824726134585289 0.871505263891794 0.824592651230292260
45 78.732 0.7833552672808172 0.8704735376044568 0.824619850249035360
46 78.72399999999999 0.7836499279042066 0.869988864142539 0.82456545400573960
47 78.732 0.781054736315921 0.8733319360022357 0.824619850249035260
48 78.77199999999999 0.7847322493565195 0.8693837807761858 0.824891939155970660
49 78.74 0.7821298961331498 0.8721133049605805 0.824674253669800460
50 78.768 0.7830608281651319 0.8713837574067619 0.824864722185561560
51 78.684 0.781934192418366 0.871505263891794 0.824293580401595860
52 78.66 0.7828646583578631 0.869988864142539 0.82413054227789760
53 78.69200000000001 0.783748197379146 0.8693837807761858 0.824347940778843960
54 78.69200000000001 0.7825705878670256 0.8708373972411871 0.824347940778843960
55 78.696 0.7807620237351656 0.8731489242805253 0.824375123656268560
57 78.8 0.7824726134585289 0.8726003490401396 0.825082508250825160
58 78.736 0.7827666103074707 0.8712622847982157 0.824647051062145560
59 78.69200000000001 0.7811035430856714 0.8726612678022898 0.82434794077884460
60 78.756 0.7828646583578631 0.8714445064138315 0.824783082049421160
61 78.736 0.7816897004565068 0.8726003490401396 0.824647051062145460
62 78.676 0.781445361340335 0.8719916288803627 0.824239227193300660
63 78.712 0.7835025698884293 0.869988864142539 0.824483873095442260
64 78.7 0.7815430786544955 0.8722350150024423 0.824402308326463360
65 78.696 0.7822277847309136 0.8713230168688136 0.824375123656268660
66 78.7 0.7825215975960936 0.8710194411539266 0.824402308326463360
67 78.776 0.7834043619954876 0.8710801393728222 0.824919157922523660
68 78.708 0.781983109164842 0.8718091784070303 0.824456683045872960
69 78.764 0.7841415218618656 0.869988864142539 0.824837507011118860
70 78.716 0.7826195842724768 0.8711408460519897 0.824511064938491660
71 78.75999999999999 0.7834534628643058 0.8707767328456983 0.824810293632464560
72 78.668 0.7815430786544955 0.8717483785480159 0.824184881152540260
73 78.72 0.78315894994048 0.870534159760429 0.82453825857519860
74 78.744 0.7830117764971185 0.8710801393728222 0.824701458072177960
75 78.74799999999999 0.7835516830690152 0.8704735376044568 0.824728664269455360
76 78.728 0.7834043619954876 0.8703523186185768 0.824592651230292260
77 78.716 0.7822767382189123 0.8715660298424208 0.824511064938491460
78 78.672 0.7815919464765835 0.8717483785480159 0.824212053277067160
79 78.716 0.7832570963092925 0.8703523186185768 0.824511064938491460
80 78.716 0.7831098859792006 0.870534159760429 0.824511064938491560
81 78.716 0.7826685868135996 0.8710801393728222 0.824511064938491560
82 78.688 0.7829627309740056 0.8702917217851424 0.824320759694012160
83 78.716 0.7821788373693761 0.8716875871687587 0.824511064938491560
84 78.712 0.7829136915946386 0.8707160769016439 0.824483873095442260
85 78.77199999999999 0.7831098859792006 0.8713837574067619 0.824891939155970660
86 78.72 0.7830117764971185 0.8707160769016439 0.824538258575197960
87 78.736 0.7834534628643058 0.8704129238910939 0.824647051062145460
88 78.684 0.7823746635788946 0.870958751393534 0.824293580401595860
89 78.69200000000001 0.781445361340335 0.8722350150024423 0.824347940778843960
91 78.7 0.7835025698884293 0.8698072507132419 0.824402308326463360
92 78.72399999999999 0.7823746635788946 0.8715660298424208 0.82456545400573960
93 78.712 0.7826195842724768 0.8710801393728222 0.824483873095442260
94 78.716 0.7827175954915466 0.8710194411539266 0.824511064938491460
95 78.708 0.7825215975960936 0.8711408460519897 0.824456683045872860
96 78.704 0.78315894994048 0.8702917217851424 0.824429494789605760
97 78.716 0.7825215975960936 0.8712622847982157 0.824511064938491460
98 78.712 0.7823256978345224 0.8714445064138315 0.824483873095442260
99 78.696 0.7826685868135996 0.8707767328456983 0.824375123656268560
100 78.696 0.7822767382189123 0.8712622847982157 0.824375123656268560
