1 50.004000000000005 0.500020000800032 1.0 0.666684444918531170
2 50.004000000000005 0.500020000800032 1.0 0.666684444918531170
3 50.0 0.5 1.0 0.666666666666666670
4 50.004000000000005 0.500020000800032 1.0 0.666684444918531170
5 50.004000000000005 0.500020000800032 1.0 0.666684444918531170
6 50.004000000000005 0.500020000800032 1.0 0.666684444918531170
7 50.0 0.5 1.0 0.666666666666666670
8 50.0 0.5 1.0 0.666666666666666670
9 50.004000000000005 0.500020000800032 1.0 0.666684444918531170
10 50.004000000000005 0.500020000800032 1.0 0.666684444918531170
11 50.004000000000005 0.500020000800032 1.0 0.666684444918531170
12 50.004000000000005 0.500020000800032 1.0 0.666684444918531170
13 50.004000000000005 0.500020000800032 1.0 0.666684444918531170
14 50.004000000000005 0.500020000800032 1.0 0.666684444918531170
15 50.004000000000005 0.500020000800032 1.0 0.666684444918531170
16 50.004000000000005 0.500020000800032 1.0 0.666684444918531170
17 50.004000000000005 0.500020000800032 1.0 0.666684444918531170
18 50.004000000000005 0.500020000800032 1.0 0.666684444918531170
19 50.004000000000005 0.500020000800032 1.0 0.666684444918531170
20 50.004000000000005 0.500020000800032 1.0 0.666684444918531170
21 50.004000000000005 0.500020000800032 1.0 0.666684444918531170
22 50.004000000000005 0.500020000800032 1.0 0.666684444918531170
23 50.004000000000005 0.500020000800032 1.0 0.666684444918531170
24 50.004000000000005 0.500020000800032 1.0 0.666684444918531170
25 79.732 0.788046904551759 0.8799718409010912 0.831476369441580570
26 79.83200000000001 0.7912894853453187 0.8775008775008775 0.832168297716530270
27 79.896 0.7896898098426938 0.880467704444601 0.832611736495037770
29 79.752 0.7915400202634245 0.8759635599159075 0.831614663029738570
30 79.804 0.7909890527115104 0.8774392812017409 0.831974441745149670
31 79.78 0.7897896000505465 0.8785493393308969 0.831808351355847770
32 79.86 0.7912393973920749 0.8779939594015593 0.832362244048609970
33 79.828 0.7924935015532872 0.8759635599159075 0.832140598475518470
34 79.964 0.7915400202634245 0.8792290919321939 0.8330834083108470
35 79.86800000000001 0.7921419518377694 0.8770083491194837 0.832417673892052170
36 79.732 0.7889919838414442 0.8787964004499438 0.831476369441580770
37 79.796 0.7923930269413629 0.8755954048753152 0.831919070912781570
38 79.732 0.7899393326592518 0.8776240960471811 0.831476369441580470
39 79.848 0.7905388312673919 0.8786728525235484 0.832279113123377170
40 79.77199999999999 0.7905388312673919 0.8775008775008775 0.831753002628339670
41 79.764 0.7884445565787814 0.8799718409010912 0.831697661266176570
42 79.82400000000001 0.7905388312673919 0.8783024170882519 0.832112901078418470
43 79.82000000000001 0.7896898098426938 0.8792909397861565 0.832085205525045770
44 79.77199999999999 0.7911392405063291 0.8767622922073367 0.831753002628339570
45 79.816 0.7902889296326737 0.8784875957551479 0.832057511815216770
46 79.852 0.7900391859436228 0.8793527963418923 0.832306821586709770
47 79.856 0.7908889591901297 0.8783641346356545 0.832334531895059170
48 79.628 0.7848800703252543 0.8823321804192843 0.830757983584222370
49 79.752 0.7902889296326737 0.8775008775008775 0.831614663029738670
50 79.86800000000001 0.790688848124486 0.8787964004499438 0.83241767389205270
51 79.82000000000001 0.7910391089735477 0.8776240960471811 0.832085205525045770
52 79.74799999999999 0.7883948281299274 0.879786036036036 0.831587000632006170
53 79.812 0.7905388312673919 0.8781173164734809 0.83202981994874770
54 79.816 0.7909390027841053 0.8776857182979918 0.832057511815216770
55 79.86800000000001 0.7922423627836228 0.876885303402315 0.832417673892052170
57 79.75999999999999 0.7897896000505465 0.8782407082133071 0.8316699933466470
58 79.80000000000001 0.7892909010544926 0.8794765355660311 0.83194675540765470
59 79.83200000000001 0.7930968847154368 0.8752888453189552 0.832168297716530270
60 79.876 0.7923427991886409 0.876885303402315 0.832473111118510970
61 79.82400000000001 0.7911392405063291 0.8775624824487503 0.832112901078418470
62 79.816 0.7883451059535822 0.8809020436927414 0.832057511815216670
63 79.812 0.7907388663967612 0.8778706369829342 0.83202981994874770
64 79.816 0.7902389682640031 0.8785493393308969 0.832057511815216770
65 79.84400000000001 0.7911392405063291 0.8778706369829342 0.83225140650487770
66 79.888 0.7915400202634245 0.8780556336049452 0.832556280804582370
67 79.864 0.7916402786573781 0.8775624824487503 0.832389958047546170
68 79.796 0.7903888713246917 0.8780556336049452 0.831919070912781770
69 79.78 0.7894903050590538 0.8789199831247363 0.831808351355847570
70 79.764 0.7901390644753477 0.8778706369829342 0.831697661266176670
71 79.816 0.7906388361796332 0.8780556336049452 0.832057511815216770
72 79.784 0.7889919838414442 0.879600309619309 0.831836028482065670
73 79.82000000000001 0.7907888909976593 0.8779322938614974 0.832085205525045870
74 79.82400000000001 0.7906388361796332 0.8781790080089925 0.832112901078418370
75 79.78 0.7899892561461164 0.8783024170882519 0.831808351355847670
76 79.80000000000001 0.7903388973191705 0.8781790080089925 0.831946755407653870
77 79.808 0.7899892561461164 0.8787346221441125 0.832002129925452570
78 79.788 0.7898395046126627 0.8786110915864201 0.831863707450171270
79 79.77199999999999 0.7901390644753477 0.8779939594015593 0.831753002628339570
80 79.77199999999999 0.7906388361796332 0.8773776935495192 0.831753002628339570
81 79.804 0.7892909010544926 0.8795384182381086 0.831974441745149670
82 79.808 0.7904388516504364 0.8781790080089925 0.832002129925452670
83 79.82400000000001 0.7906388361796332 0.8781790080089925 0.832112901078418370
84 79.784 0.7909890527115104 0.8771314293733773 0.831836028482065770
85 79.816 0.7900391859436228 0.8787964004499438 0.832057511815216670
86 79.82400000000001 0.7912393973920749 0.8774392812017409 0.832112901078418470
87 79.768 0.7896399241945673 0.8785493393308969 0.831725331026681970
88 79.78 0.7895401718039414 0.8788581874428743 0.831808351355847670
89 79.788 0.790688848124486 0.8775624824487503 0.831863707450171470
90 79.82400000000001 0.7910891715714196 0.8776240960471811 0.832112901078418370
91 79.796 0.7900891220529676 0.8784258608573436 0.831919070912781570
92 79.776 0.7902889296326737 0.8778706369829342 0.831780676071333570
93 79.764 0.7898894154818326 0.8781790080089925 0.831697661266176670
94 79.792 0.7906388361796332 0.8776857182979918 0.831891388260348870
95 79.80000000000001 0.7910391089735477 0.8773161145423919 0.83194675540765470
96 79.816 0.7910391089735477 0.8775624824487503 0.832057511815216770
97 79.796 0.790688848124486 0.8776857182979918 0.831919070912781670
98 79.764 0.7902389682640031 0.8777473492030055 0.831697661266176570
99 79.792 0.7902389682640031 0.8781790080089925 0.831891388260348870
100 79.788 0.7907888909976593 0.8774392812017409 0.831863707450171470
1 78.08800000000001 0.7630325967525333 0.8867763904653803 0.820263796837062970
