1 78.376 0.7691361063253753 0.8831425745372333 0.822206143524304470
2 78.42 0.7753861422988648 0.875718088832843 0.822503701266655870
3 78.79599999999999 0.7796419883989272 0.8760863470703673 0.825055278703673170
4 78.82000000000001 0.7796419883989272 0.8764549151591642 0.82521868295098270
5 78.804 0.7799825283913641 0.8757794437048974 0.825109739595366370
6 78.792 0.7754823500217135 0.8813368116759501 0.825028050953732370
7 79.096 0.7864108210128972 0.8722350150024423 0.827102494541123570
8 79.252 0.7800312012480499 0.8826436943934473 0.828171067015602770
9 79.2 0.7866087722610282 0.873576071004263 0.827814569536423870
10 79.204 0.7842399146746973 0.876577840112202 0.82784198152256770
11 79.084 0.7777017358302744 0.883017801638881 0.827020410863740170
12 79.184 0.786707785260243 0.8732099196646874 0.827704939743080370
13 79.084 0.7868068231887707 0.8715660298424208 0.827020410863740170
15 79.25999999999999 0.7818852817914556 0.8804056909423863 0.828225940036441970
16 79.208 0.7873519778281683 0.872783130847647 0.827869395324193770
18 79.31200000000001 0.792694527236984 0.8678747483163229 0.828582791992575870
19 79.296 0.7876000252032008 0.8738203425375742 0.828472958642629870
20 79.11200000000001 0.7817385866166354 0.8783024170882519 0.827211964793858870
21 79.24799999999999 0.7869058860560277 0.8739425295392576 0.828143633231747770
22 79.264 0.785175879396985 0.8763320246775098 0.828253379273787570
23 79.224 0.7858669684395826 0.8748600223964166 0.827979068689143570
24 79.264 0.7893905904641617 0.8711408460519897 0.828253379273787570
25 79.208 0.7827666103074707 0.8784875957551479 0.827869395324193870
26 79.28 0.7888923950773115 0.8719916288803627 0.82836315440689270
27 79.144 0.7866087722610282 0.872722195070865 0.827430992255245970
29 79.396 0.7897397017942887 0.872722195070865 0.829159895194189370
30 79.188 0.7850772516015576 0.8752888453189552 0.827732344469092670
31 79.32000000000001 0.7871536523929471 0.8747375787263821 0.828637719588995870
32 79.268 0.7862624229462826 0.8750437521876093 0.828280820329324470
33 79.372 0.7870545271376401 0.8756567425569177 0.828994926551049670
34 79.296 0.7880965891179623 0.8732099196646874 0.8284729586426370
35 79.288 0.7894903050590538 0.8713837574067619 0.828418052886208470
36 79.3 0.7871536523929471 0.8744316194473593 0.828500414250207270
37 79.31200000000001 0.786460299484082 0.8754727552878554 0.828582791992575870
38 79.21199999999999 0.7867573011077543 0.873576071004263 0.827896810941484470
39 79.264 0.785570638511815 0.8758408071748879 0.828253379273787570
40 79.304 0.7876496534341525 0.8738814317673378 0.828527871677603170
41 79.304 0.7867573011077543 0.874982500349993 0.828527871677603270
42 79.23599999999999 0.7871040866444179 0.8735150244584207 0.828061342784273570
43 79.216 0.7868563515044693 0.8735150244584207 0.827924228374619170
44 79.304 0.7871040866444179 0.8745539774714896 0.828527871677603370
45 79.232 0.7874015748031497 0.8730879374170566 0.828033916269210470
46 79.268 0.7861635220125787 0.8751662815935027 0.828280820329324570
47 79.27199999999999 0.7867573011077543 0.874492794179376 0.828308263203233770
48 79.24799999999999 0.7860646459564835 0.874982500349993 0.828143633231747770
49 79.196 0.7874015748031497 0.872539438782633 0.827787159365583970
50 79.276 0.7872528026199773 0.8739425295392576 0.828335707895695970
51 79.28 0.7876992879198437 0.8734539864439941 0.828363154406891970
52 79.21199999999999 0.783748197379146 0.8773161145423919 0.827896810941484370
53 79.24799999999999 0.7868068231887707 0.8740647507167331 0.828143633231747870
54 79.244 0.7881462799495587 0.8723567590201688 0.828116201265361670
55 79.208 0.7870049738714349 0.8732099196646874 0.827869395324193770
57 79.196 0.7860152172546061 0.8742481465939292 0.82778715936558470
58 79.24 0.7864108210128972 0.8744316194473593 0.828088771116263770
59 79.24 0.7866087722610282 0.8741870060843415 0.828088771116263670
60 79.32000000000001 0.7890915977526671 0.8723567590201688 0.828637719588995770
61 79.25999999999999 0.7873023871008377 0.87363712608331 0.828225940036441970
62 79.208 0.7853732093490827 0.875227559165383 0.827869395324193770
63 79.28399999999999 0.7876496534341525 0.873576071004263 0.828390602737002670
64 79.244 0.7870545271376401 0.8736981896973509 0.828116201265361770
65 79.27199999999999 0.7868068231887707 0.8744316194473593 0.828308263203233770
66 79.256 0.7872528026199773 0.87363712608331 0.828198502617107370
67 79.288 0.7883451059535822 0.872783130847647 0.828418052886208570
68 79.25999999999999 0.7863613487669854 0.8747987962768563 0.82822594003644270
69 79.27199999999999 0.7879475542107918 0.8730269590724962 0.828308263203233870
70 79.244 0.7867573011077543 0.8740647507167331 0.828116201265361670
71 79.296 0.7878482289171814 0.8735150244584207 0.828472958642629970
72 79.22 0.7876000252032008 0.8726612678022898 0.827951647623778770
73 79.264 0.7857681669600202 0.8755954048753152 0.828253379273787570
74 79.23599999999999 0.7856693903205532 0.8752888453189552 0.828061342784273570
75 79.288 0.7881462799495587 0.8730269590724962 0.828418052886208570
76 79.244 0.7865592751069721 0.8743092956564315 0.828116201265361770
77 79.25999999999999 0.7875007875007874 0.873392956959195 0.828225940036441970
78 79.188 0.7854225573358466 0.8748600223964166 0.827732344469092570
79 79.24 0.7874511780269623 0.8731489242805253 0.828088771116263770
80 79.28 0.7876992879198437 0.8734539864439941 0.828363154406891970
81 79.24799999999999 0.7873023871008377 0.8734539864439941 0.828143633231747870
82 79.252 0.7869554268446235 0.8739425295392576 0.828171067015602870
83 79.224 0.7867573011077543 0.8737592618481755 0.827979068689143670
84 79.192 0.7867573011077543 0.8732709235713287 0.827759751009866970
85 79.228 0.786460299484082 0.8741870060843415 0.828006491570893970
86 79.324 0.7877489286614571 0.8740647507167331 0.828665186118200870
87 79.216 0.7869058860560277 0.8734539864439941 0.827924228374619270
88 79.23599999999999 0.7869554268446235 0.8736981896973509 0.828061342784273570
89 79.224 0.7861635220125787 0.874492794179376 0.827979068689143570
91 79.232 0.786311882745172 0.8744316194473593 0.828033916269210470
92 79.21199999999999 0.7859657947686117 0.8745539774714896 0.827896810941484370
93 79.224 0.786311882745172 0.8743092956564315 0.827979068689143570
94 79.252 0.7868563515044693 0.8740647507167331 0.828171067015602870
95 79.232 0.7861635220125787 0.8746151693254968 0.828033916269210570
96 79.224 0.7870545271376401 0.873392956959195 0.827979068689143670
97 79.224 0.7869058860560277 0.873576071004263 0.827979068689143570
98 79.24 0.7867573011077543 0.8740036358551252 0.828088771116263770
99 79.22 0.7871040866444179 0.8732709235713287 0.827951647623778870
100 79.24 0.7869554268446235 0.8737592618481755 0.828088771116263770
