1 51.644 0.5140648132916598 0.9786267908870273 0.674054301814554180
2 51.71600000000001 0.5149118470917778 0.9769441187964049 0.674381592080062480
3 51.804 0.5145938825079247 0.9797773945759524 0.674782045399336180
4 51.763999999999996 0.514636255094899 0.9788566953797964 0.674599962222402180
5 51.751999999999995 0.514339793441139 0.9797006034955718 0.674545356429766480
6 51.74000000000001 0.5145938825079247 0.9785501800532331 0.674490759476595180
7 51.800000000000004 0.514827018121911 0.9788566953797964 0.674763832658569580
8 51.763999999999996 0.5144456333854638 0.9795470574406394 0.67459996222240280
9 51.760000000000005 0.5145091582630171 0.9792401096748923 0.674581759309228380
10 51.78 0.5144244619120129 0.9799310128566949 0.674672783699905780
11 51.732 0.514466806601638 0.9788566953797964 0.674454366417568280
12 51.791999999999994 0.514848222743935 0.9786267908870273 0.67472741012630980
13 51.767999999999994 0.5145303367086523 0.9793168285803823 0.674618166117977280
14 51.78 0.5146574440052701 0.9790867079188533 0.674672783699905680
15 51.812000000000005 0.5145303367086523 0.9801615306202462 0.674818473830539680
16 51.808 0.5147846141174532 0.9791634027886573 0.674800259123299680
17 51.760000000000005 0.5145726988308909 0.9790100250626567 0.674581759309228480
18 51.800000000000004 0.5147422170976775 0.9791634027886573 0.674763832658569480
19 51.804 0.514848222743935 0.9788566953797964 0.67478204539933680
20 51.82800000000001 0.514848222743935 0.9793168285803823 0.674891342493858480
21 51.82 0.5147210212065061 0.9796238244514106 0.674854906195168180
22 51.791999999999994 0.514615067929189 0.9794703024604294 0.67472741012630980
23 51.763999999999996 0.5144879815607507 0.9793935595079527 0.674599962222402180
24 51.763999999999996 0.514636255094899 0.9788566953797964 0.674599962222402180
25 79.99199999999999 0.7905388312673919 0.8809020436927414 0.833277781481234780
26 80.18 0.7983139609145484 0.8743092956564315 0.834585211150058680
27 80.16799999999999 0.7955702647657841 0.8774392812017409 0.834501635623205880
29 80.152 0.7971430393469804 0.8752888453189552 0.83439022762165480
30 80.304 0.7972955734149764 0.8774392812017409 0.835449806175644980
31 80.32000000000001 0.7987220447284346 0.8759635599159075 0.835561497326203280
32 80.132 0.7971430393469804 0.874982500349993 0.834251009443721480
33 80.23599999999999 0.7961783439490446 0.8777473492030055 0.834975451721719580
34 80.264 0.797702616464582 0.8763320246775098 0.835170708892897880
35 80.208 0.7961783439490446 0.8773161145423919 0.834780285828769880
36 80.144 0.7971430393469804 0.8751662815935027 0.834334534775063480
37 80.276 0.7956209025523518 0.8790436005625879 0.835254418495873880
38 80.196 0.7958235181766091 0.8775624824487503 0.834696671229675180
39 80.152 0.7944578619550019 0.8785493393308969 0.834390227621654280
40 80.24799999999999 0.7985179506835314 0.8751050126015122 0.835059122185850880
41 80.264 0.7987730845421432 0.8750437521876093 0.835170708892897780
42 80.276 0.7973464310773745 0.8769468219447173 0.835254418495873880
43 80.228 0.7961783439490446 0.8776240960471811 0.834919680726714180
44 80.2 0.7954183900731785 0.8781173164734809 0.834724540901502580
45 80.24 0.798568964415767 0.8749212570868622 0.8350033400133680
46 80.2 0.7966857871255577 0.876577840112202 0.834724540901502580
47 80.188 0.7978553647794728 0.874982500349993 0.83464093746870180
48 80.184 0.7978553647794728 0.8749212570868622 0.834613073379181480
49 80.208 0.7979062938848461 0.875227559165383 0.834780285828769780
50 80.188 0.7963305090144613 0.8768237934904601 0.83464093746870180
51 80.18 0.79638124362895 0.8766393155200224 0.834585211150058580
52 80.244 0.7972955734149764 0.8765163733258537 0.835031230168008380
53 80.216 0.7982120051085568 0.874982500349993 0.834836038202097280
54 80.18 0.7979062938848461 0.8747987962768563 0.834585211150058380
55 80.276 0.7975499266254068 0.8767007995511292 0.835254418495873980
57 80.228 0.7964827322543647 0.8772545441785389 0.83491968072671480
58 80.252 0.7982120051085568 0.8755340757862295 0.835087016067074180
59 80.18 0.7966350137021222 0.8763320246775098 0.834585211150058380
60 80.232 0.7970413823885736 0.8766393155200224 0.834947565292899680
61 80.24 0.7974481658692185 0.8762705923589205 0.835003340013360180
62 80.224 0.7970413823885736 0.8765163733258537 0.834891798022976380
63 80.23599999999999 0.7982120051085568 0.8752888453189552 0.834975451721719380
64 80.18 0.7956715467854869 0.8775008775008775 0.834585211150058580
65 80.224 0.7966857871255577 0.8769468219447173 0.834891798022976380
66 80.252 0.7980081716036772 0.8757794437048974 0.835087016067074180
67 80.228 0.7966857871255577 0.8770083491194837 0.834919680726714380
68 80.224 0.7977535260705853 0.8756567425569177 0.834891798022976280
69 80.164 0.7971938775510204 0.8754114433783878 0.834473780833806280
70 80.184 0.7956209025523518 0.8776240960471811 0.834613073379181480
71 80.28 0.798568964415767 0.8755340757862295 0.83528232542599480
72 80.252 0.7971430393469804 0.8768237934904601 0.835087016067074380
73 80.228 0.7974481658692185 0.8760863470703673 0.834919680726714280
74 80.216 0.7970922076265783 0.8763320246775098 0.834836038202097180
75 80.256 0.7981610369708192 0.8756567425569177 0.835114911811865480
76 80.22 0.7961783439490446 0.8775008775008775 0.834863917181499480
77 80.264 0.7979062938848461 0.8760863470703673 0.835170708892897780
78 80.164 0.795924864692773 0.8769468219447173 0.834473780833806280
79 80.224 0.7966350137021222 0.8770083491194837 0.834891798022976280
80 80.24 0.7977535260705853 0.875902179244622 0.8350033400133680
81 80.228 0.7976517133558803 0.8758408071748879 0.834919680726714180
82 80.204 0.7959755476311767 0.8775008775008775 0.83475241243447280
83 80.224 0.7975499266254068 0.875902179244622 0.834891798022976280
84 80.22 0.7974990430011484 0.875902179244622 0.834863917181499480
85 80.224 0.7970922076265783 0.8764549151591642 0.834891798022976280
86 80.224 0.7972447222399388 0.8762705923589205 0.834891798022976380
87 80.268 0.7970922076265783 0.8771314293733773 0.835198610229512780
88 80.188 0.7974990430011484 0.8754114433783878 0.834640937468700980
89 80.22 0.7976517133558803 0.875718088832843 0.834863917181499580
90 80.244 0.7974481658692185 0.8763320246775098 0.835031230168008380
91 80.272 0.7980591202196259 0.876024949190553 0.835226513430442480
92 80.256 0.7980591202196259 0.8757794437048974 0.835114911811865380
93 80.25999999999999 0.7983139609145484 0.8755340757862295 0.835142809420410980
94 80.256 0.7973972952283745 0.876577840112202 0.835114911811865480
95 80.264 0.7976008167432364 0.8764549151591642 0.835170708892897880
96 80.244 0.797804442175134 0.875902179244622 0.835031230168008380
97 80.244 0.7972447222399388 0.876577840112202 0.835031230168008380
98 80.216 0.7973464310773745 0.876024949190553 0.834836038202097180
99 80.22 0.7973972952283745 0.876024949190553 0.834863917181499380
100 80.232 0.7972447222399388 0.8763934656103204 0.834947565292899580
1 78.224 0.7695148978084215 0.8802816901408451 0.821179871238996380
