1 77.636 0.7589556769884639 0.8852064301395085 0.817233826942564780
2 78.82000000000001 0.7811035430856714 0.8746151693254968 0.825218682950982180
3 79.33600000000001 0.8012820512820513 0.8581628449814637 0.828747596631969780
4 79.50399999999999 0.7907888909976593 0.8730879374170566 0.829903067321736880
5 79.648 0.7900891220529676 0.8761477535571599 0.830896038287689480
6 79.416 0.793600406323408 0.868357068426537 0.829297419226431480
7 79.56 0.7893905904641617 0.8756567425569177 0.830288940551311980
8 79.41199999999999 0.7961276351824724 0.8652914301536757 0.829269910770557780
9 79.496 0.788295390048559 0.876024949190553 0.829847971851556880
10 79.592 0.7907888909976593 0.8744316194473593 0.83050960069098480
11 79.552 0.791690417379188 0.872722195070865 0.830233793836344380
12 79.54 0.7911392405063291 0.8732099196646874 0.830151087497924780
13 79.648 0.7933485656257934 0.8721741557354172 0.830896038287689580
15 79.52799999999999 0.7911392405063291 0.8730269590724962 0.830068397635965280
16 79.608 0.7943568886629385 0.8703523186185768 0.830619974749152880
18 79.55600000000001 0.7955702647657841 0.8681158413778735 0.830261366278104280
19 79.604 0.7900891220529676 0.8754727552878554 0.83059237848433580
20 79.43599999999999 0.786311882745172 0.8775624824487503 0.829434988885571180
21 79.508 0.7923930269413629 0.8712015611931977 0.829930617800351880
22 79.552 0.791590146285859 0.872844075134418 0.830233793836344280
23 79.676 0.7936507936507936 0.8722350150024423 0.831089391975000980
24 79.51599999999999 0.7904388516504364 0.8736981896973509 0.829985724245543180
25 79.632 0.7944578619550019 0.8705947903607745 0.830785590854712280
26 79.43599999999999 0.7891912368205063 0.8740036358551252 0.829434988885571180
27 79.58000000000001 0.7933989209774674 0.8710801393728222 0.830426839395449380
29 79.56 0.7890417876530741 0.8760863470703673 0.830288940551311780
30 79.4 0.7870545271376401 0.8760863470703673 0.829187396351575580
31 79.74 0.7938524069604979 0.872965989245059 0.831531681357059680
32 79.67999999999999 0.7956209025523518 0.8699283179066045 0.831117021276595880
33 79.692 0.7965334862677627 0.8690211345939933 0.831199920204807780
34 79.632 0.7946093700336915 0.8704129238910939 0.830785590854712280
35 79.672 0.7948114707191454 0.8707767328456983 0.831061764510338380
36 79.548 0.7915400202634245 0.872844075134418 0.830206223225849280
37 79.648 0.7913395796404153 0.8746151693254968 0.830896038287689580
38 79.67999999999999 0.794710407527497 0.8710194411539266 0.831117021276595880
39 79.616 0.7936507936507936 0.8713230168688136 0.830675172780435980
40 79.628 0.7937011873769764 0.8714445064138315 0.830757983584222480
41 79.616 0.7956715467854869 0.8689003197553177 0.83067517278043680
42 79.572 0.7957221974664205 0.8681761355743853 0.830371674361444280
43 79.65599999999999 0.7934996508601536 0.8721133049605805 0.830951273017350480
44 79.62 0.7914899005888685 0.8740036358551252 0.83070277454726780
45 79.66 0.7933989209774674 0.8722958827634334 0.830978893136114480
46 79.55600000000001 0.7945588609204169 0.8693233187287016 0.830261366278104380
47 79.664 0.7949631137115238 0.8704735376044568 0.831006515091078380
48 79.72 0.7954183900731785 0.8707767328456983 0.831393415364150280
49 79.608 0.7934996508601536 0.8713837574067619 0.830619974749152780
50 79.57600000000001 0.7914899005888685 0.8733319360022357 0.830399255962266680
51 79.52 0.792443261062508 0.8713230168688136 0.830013280212483480
52 79.616 0.7916402786573781 0.8737592618481755 0.83067517278043680
53 79.55600000000001 0.7929459528038569 0.8712622847982157 0.830261366278104480
54 79.704 0.7953171724883884 0.8706554294072578 0.831282835672009180
55 79.592 0.7923427991886409 0.872539438782633 0.83050960069098480
57 79.57600000000001 0.792895654931811 0.8716268042674848 0.830399255962266880
58 79.58000000000001 0.7921419518377694 0.8726003490401396 0.830426839395449380
59 79.636 0.7949631137115238 0.8700494188069883 0.83081319996012180
60 79.652 0.7937011873769764 0.8718091784070303 0.830923654734603180
61 79.628 0.7927447995941147 0.8726003490401396 0.830757983584222380
62 79.66 0.7944073721004131 0.8710801393728222 0.830978893136114380
63 79.67999999999999 0.793801994030609 0.8721133049605805 0.831117021276595780
64 79.67999999999999 0.7944578619550019 0.8713230168688136 0.831117021276595780
65 79.628 0.791690417379188 0.8738814317673378 0.830757983584222180
66 79.64 0.7931472081218274 0.8722958827634334 0.830840810900631380
67 79.632 0.793298216665609 0.8719916288803627 0.830785590854712280
68 79.62400000000001 0.792694527236984 0.8726003490401396 0.830730378148468280
69 79.644 0.7926442612555485 0.872965989245059 0.830868423676426780
70 79.668 0.7948114707191454 0.8707160769016439 0.831034138882425380
71 79.72 0.793600406323408 0.872965989245059 0.831393415364150280
72 79.64 0.7939532520325203 0.8713230168688136 0.830840810900631380
73 79.664 0.793801994030609 0.8718699867475762 0.831006515091078480
74 79.64 0.794912559618442 0.8701705534284719 0.830840810900631380
75 79.636 0.7940036841770945 0.8712015611931977 0.830813199960120980
76 79.62400000000001 0.7929962570576667 0.8722350150024423 0.830730378148468180
77 79.572 0.793600406323408 0.8707160769016439 0.830371674361444280
78 79.64 0.7935500253936009 0.8718091784070303 0.830840810900631680
79 79.596 0.792895654931811 0.8719308035714286 0.830537191455433580
80 79.572 0.792694527236984 0.8718091784070303 0.830371674361444380
81 79.64 0.7943064116413547 0.8708980700898766 0.830840810900631380
82 79.65599999999999 0.794710407527497 0.8706554294072578 0.830951273017350480
83 79.636 0.7945588609204169 0.870534159760429 0.830813199960120980
84 79.608 0.7939532520325203 0.8708373972411871 0.830619974749152880
85 79.652 0.7941045676894734 0.8713230168688136 0.830923654734603180
86 79.596 0.7926442612555485 0.8722350150024423 0.830537191455433580
87 79.65599999999999 0.7933485656257934 0.8722958827634334 0.830951273017350380
88 79.636 0.7933485656257934 0.8719916288803627 0.830813199960120980
89 79.612 0.7929459528038569 0.8721133049605805 0.830647572847792180
91 79.628 0.7934492827218484 0.8717483785480159 0.830757983584222480
92 79.612 0.7933989209774674 0.8715660298424208 0.830647572847792180
93 79.592 0.7929962570576667 0.8717483785480159 0.830509600690984180
94 79.616 0.7930968847154368 0.8719916288803627 0.830675172780435980
95 79.612 0.793751587503175 0.8711408460519897 0.830647572847792180
96 79.62400000000001 0.7933989209774674 0.8717483785480159 0.830730378148468280
97 79.608 0.7931472081218274 0.8718091784070303 0.830619974749152780
98 79.592 0.792895654931811 0.8718699867475762 0.83050960069098480
99 79.64 0.7937011873769764 0.8716268042674848 0.830840810900631480
100 79.616 0.7937011873769764 0.8712622847982157 0.830675172780435980
