25 80.364 0.7965842467499362 0.8792290919321939 0.83586880203283390
26 80.364 0.7954690085274277 0.8805917576611483 0.835868802032832990
27 80.52 0.7993349533188387 0.8783024170882519 0.836960160696350990
29 80.468 0.7990283814881105 0.8778706369829342 0.836596057959374990
30 80.476 0.800871348026653 0.8757794437048974 0.836652053144138590
31 80.384 0.7974990430011484 0.8784258608573436 0.836008560727661890
32 80.468 0.8001536294968634 0.8765163733258537 0.836596057959374990
33 80.46 0.799130545965989 0.8776240960471811 0.836540070269365890
34 80.516 0.8003585606351645 0.8770083491194837 0.836932141541963890
35 80.49199999999999 0.7996929179195189 0.8774392812017409 0.836764066003949590
36 80.34 0.7970413823885736 0.8783024170882519 0.835701153267591590
37 80.368 0.7989773090444231 0.8763934656103204 0.835896750033435990
38 80.488 0.799488327470419 0.8776240960471811 0.836736059977240990
39 80.376 0.7951653944020356 0.8811504300014098 0.835952651641811190
40 80.46 0.7993349533188387 0.8773776935495192 0.836540070269365990
41 80.432 0.7986710114369688 0.8777473492030055 0.836344172353807190
42 80.38 0.7940036841770945 0.8826436943934473 0.835980605249958190
43 80.55600000000001 0.801693175987686 0.876024949190553 0.837212417534576990
44 80.536 0.8060875733539692 0.870534159760429 0.837072256077144590
45 80.508 0.8004098098226292 0.8768237934904601 0.836876108860844290
46 80.544 0.8041170794467675 0.872965989245059 0.837128315028127590
47 80.424 0.7993349533188387 0.8768237934904601 0.836288218371579690
48 80.444 0.7988751837412923 0.8776857182979918 0.836428117367593590
49 80.53200000000001 0.8014361736231327 0.8759635599159075 0.837044229417082690
50 80.56 0.8005635967721276 0.8774392812017409 0.837240455458807890
51 80.496 0.8002048524422252 0.876885303402315 0.836792073905475990
52 80.444 0.7975499266254068 0.8792909397861565 0.836428117367593490
53 80.416 0.7991816380026853 0.876885303402315 0.836232271875836390
54 80.628 0.8061915511125444 0.8718091784070303 0.837717387662098490
55 80.372 0.7962290591757437 0.879786036036036 0.835924699903032890
57 80.528 0.7997952524153816 0.8778706369829342 0.837016204633721690
58 80.472 0.800102413108878 0.8766393155200224 0.836624054614818390
59 80.484 0.8 0.8769468219447173 0.836708055825161690
60 80.468 0.7985179506835314 0.8784875957551479 0.836596057959374990
61 80.528 0.8003073180101159 0.8772545441785389 0.837016204633721790
62 80.4 0.7974990430011484 0.8786728525235484 0.836120401337792890
63 80.484 0.8003073180101159 0.876577840112202 0.836708055825161590
64 80.444 0.797804442175134 0.8789817874973631 0.836428117367593590
65 80.46 0.7998976131055225 0.8767007995511292 0.836540070269365990
66 80.452 0.7965842467499362 0.8805917576611483 0.836484090072606890
67 80.508 0.7996929179195189 0.8776857182979918 0.836876108860844290
68 80.508 0.7992838416778566 0.8781790080089925 0.836876108860844390
69 80.528 0.8010766470135863 0.8763320246775098 0.837016204633721790
70 80.44 0.7981100753415911 0.8785493393308969 0.836400133824021590
71 80.47999999999999 0.800102413108878 0.8767622922073367 0.836680053547523590
72 80.464 0.7996929179195189 0.8770083491194837 0.836568063177620290
73 80.444 0.7982629797560509 0.8784258608573436 0.836428117367593590
74 80.524 0.8001536294968634 0.8773776935495192 0.836988181726874190
75 80.516 0.7987730845421432 0.8789199831247363 0.836932141541963790
76 80.488 0.799744081893794 0.8773161145423919 0.836736059977240790
77 80.524 0.8006148722218664 0.8768237934904601 0.836988181726874190
78 80.416 0.7986710114369688 0.8775008775008775 0.836232271875836390
79 80.416 0.7981610369708192 0.8781173164734809 0.836232271875836390
80 80.44 0.7992838416778566 0.8771314293733773 0.836400133824021390
81 80.512 0.7992838416778566 0.8782407082133071 0.836904124263524390
82 80.468 0.7992327365728901 0.8776240960471811 0.836596057959374990
83 80.468 0.799744081893794 0.8770083491194837 0.83659605795937590
84 80.468 0.7998976131055225 0.8768237934904601 0.836596057959374990
85 80.448 0.7980591202196259 0.8787346221441125 0.83645610278372690
86 80.488 0.7992838416778566 0.8778706369829342 0.836736059977240890
87 80.424 0.7972955734149764 0.8792909397861565 0.836288218371579590
88 80.484 0.799488327470419 0.8775624824487503 0.836708055825161490
89 80.424 0.7965842467499362 0.8801577242641881 0.836288218371579590
90 80.42 0.7973464310773745 0.8791672527781685 0.836260244187991490
91 80.468 0.8000512032770097 0.8766393155200224 0.836596057959374990
92 80.488 0.7996417604912999 0.8774392812017409 0.836736059977240890
93 80.45599999999999 0.7979572294924993 0.8789817874973631 0.836512079234424390
94 80.424 0.7976517133558803 0.8788581874428743 0.836288218371579690
95 80.468 0.7994371962138654 0.8773776935495192 0.83659605795937590
96 80.44 0.7973972952283745 0.8794146616012383 0.836400133824021690
97 80.476 0.7994371962138654 0.8775008775008775 0.836652053144138490
98 80.444 0.7976008167432364 0.8792290919321939 0.836428117367593590
99 80.49199999999999 0.7995394652680057 0.8776240960471811 0.836764066003949690
100 80.468 0.7993349533188387 0.8775008775008775 0.83659605795937590
