1 77.712 0.7693728072874992 0.8726003490401396 0.817741724453748590
2 79.148 0.7903388973191705 0.8682364381468362 0.827458378843544190
3 79.784 0.7950136742351969 0.8722350150024423 0.831836028482065590
4 80.032 0.7919412062848454 0.879786036036036 0.833555614830621690
5 80.008 0.7963305090144613 0.8740647507167331 0.833388892592839590
6 79.92 0.7894903050590538 0.8810883202932261 0.83277814790139990
8 80.384 0.7989773090444231 0.8766393155200224 0.836008560727661890
9 80.176 0.8011279882073961 0.8708980700898766 0.834557350781145890
10 79.948 0.7959755476311767 0.873576071004263 0.832972378635924490
11 80.216 0.8027228358592345 0.8696257130930848 0.834836038202097290
15 80.304 0.8000512032770097 0.8741258741258742 0.83544980617564590
16 80.024 0.7953677780605752 0.8754727552878554 0.833500033340001490
18 80.228 0.7941045676894734 0.8801577242641881 0.834919680726714290
19 80.32000000000001 0.8024136602901528 0.8715660298424208 0.835561497326203190
20 80.31200000000001 0.8048937540244687 0.868538076709283 0.835505648018180690
21 80.23599999999999 0.8021047227926078 0.8706554294072578 0.834975451721719490
22 80.224 0.7953171724883884 0.8786110915864201 0.834891798022976290
23 80.136 0.7975499266254068 0.8745539774714896 0.83427884936261190
24 80.268 0.8001536294968634 0.8734539864439941 0.835198610229512690
25 80.276 0.7940541227290052 0.8809641271407428 0.835254418495873890
26 80.208 0.79638124362895 0.8770698849284311 0.834780285828769890
27 80.252 0.8002560819462228 0.8730879374170566 0.835087016067074190
29 80.244 0.7971430393469804 0.8767007995511292 0.835031230168008290
30 80.272 0.7964827322543647 0.8779322938614974 0.835226513430442390
31 80.308 0.8005123278898495 0.87363712608331 0.835477726163820490
32 80.276 0.8002048524422252 0.8735150244584207 0.835254418495873890
33 80.07600000000001 0.7952159806603474 0.8764549151591642 0.83386144558220290
34 80.28 0.8014361736231327 0.8721133049605805 0.835282325425994190
35 80.348 0.7988241308793456 0.8762705923589205 0.835757028716611590
36 80.276 0.7984669434685404 0.8755954048753152 0.835254418495873790
37 80.24 0.7961276351824724 0.8778706369829342 0.8350033400133690
38 80.264 0.800871348026653 0.872539438782633 0.835170708892897790
39 80.316 0.7986710114369688 0.8759635599159075 0.835533571738912490
40 80.32000000000001 0.8026712900532974 0.8712622847982157 0.835561497326203290
41 80.104 0.7908389219283817 0.8822699040090345 0.834056182024421190
42 80.28800000000001 0.797804442175134 0.876577840112202 0.835338144881047990
43 80.352 0.8017960230917255 0.872783130847647 0.835784969243113290
44 80.36 0.7974481658692185 0.8781173164734809 0.835840855901036590
45 80.35600000000001 0.7998976131055225 0.8751050126015122 0.83581291163785990
46 80.328 0.8007174428287746 0.8736981896973509 0.8356173541012190
47 80.3 0.7983649485852973 0.8760863470703673 0.835421888053467190
48 80.264 0.7960262370247724 0.8783641346356545 0.835170708892897790
49 80.296 0.7961783439490446 0.8786728525235484 0.835393971797099590
50 80.324 0.8006661542403279 0.8736981896973509 0.835589424780239990
51 80.3 0.7987730845421432 0.8755954048753152 0.83542188805346790
52 80.272 0.7993860714970903 0.8744316194473593 0.835226513430442490
53 80.192 0.7948114707191454 0.8787346221441125 0.834668803418803390
54 80.31200000000001 0.7970922076265783 0.8778089887640449 0.835505648018180690
55 80.276 0.7979062938848461 0.8762705923589205 0.835254418495873990
57 80.308 0.7981610369708192 0.8764549151591642 0.835477726163820390
58 80.304 0.7987220447284346 0.875718088832843 0.83544980617564590
59 80.272 0.7964319847085058 0.8779939594015593 0.835226513430442390
60 80.156 0.7968889455565472 0.8756567425569177 0.834418076833216790
61 80.304 0.7982629797560509 0.8762705923589205 0.83544980617564590
62 80.34 0.8012820512820513 0.8732099196646874 0.835701153267591590
63 80.28 0.7982120051085568 0.8759635599159075 0.83528232542599490
64 80.24799999999999 0.7973972952283745 0.8764549151591642 0.835059122185850890
65 80.296 0.8002048524422252 0.8738203425375742 0.835393971797099690
66 80.36 0.7990794604615483 0.8761477535571599 0.835840855901036590
67 80.244 0.7971430393469804 0.8767007995511292 0.835031230168008290
68 80.232 0.7969397513547976 0.8767622922073367 0.834947565292899590
69 80.32000000000001 0.7976008167432364 0.8773161145423919 0.835561497326203290
70 80.28 0.7990794604615483 0.8749212570868622 0.835282325425994190
71 80.34 0.7998464294855387 0.8749212570868622 0.835701153267591590
72 80.256 0.7970922076265783 0.8769468219447173 0.835114911811865490
73 80.33200000000001 0.8009226629076697 0.8735150244584207 0.835645285289300390
74 80.304 0.7987730845421432 0.8756567425569177 0.83544980617564590
75 80.296 0.7986199846664963 0.875718088832843 0.835393971797099690
76 80.304 0.8009226629076697 0.8730879374170566 0.835449806175644990
77 80.34 0.8007687379884689 0.8738203425375742 0.835701153267591590
78 80.28800000000001 0.7990794604615483 0.8750437521876093 0.835338144881047990
79 80.328 0.7992838416778566 0.8754114433783878 0.8356173541012190
80 80.324 0.8011279882073961 0.8731489242805253 0.8355894247802490
81 80.33200000000001 0.8 0.8746151693254968 0.835645285289300490
82 80.316 0.7983139609145484 0.8763934656103204 0.835533571738912490
83 80.28800000000001 0.7985179506835314 0.875718088832843 0.83533814488104890
84 80.3 0.7983649485852973 0.8760863470703673 0.835421888053467190
85 80.35600000000001 0.8009739843649878 0.8738203425375742 0.835812911637858990
86 80.328 0.7984159427695452 0.8764549151591642 0.835617354101210190
87 80.31200000000001 0.7981100753415911 0.876577840112202 0.835505648018180690
88 80.33200000000001 0.7990794604615483 0.875718088832843 0.835645285289300590
89 80.316 0.7990283814881105 0.8755340757862295 0.835533571738912490
90 80.316 0.7989262431292343 0.8756567425569177 0.835533571738912490
91 80.308 0.7988751837412923 0.8755954048753152 0.835477726163820590
92 80.308 0.7984159427695452 0.8761477535571599 0.835477726163820490
93 80.304 0.7986710114369688 0.8757794437048974 0.835449806175644990
94 80.35600000000001 0.8006661542403279 0.8741870060843415 0.83581291163785990
95 80.296 0.7986710114369688 0.8756567425569177 0.835393971797099590
96 80.296 0.7985179506835314 0.8758408071748879 0.835393971797099590
97 80.292 0.7987730845421432 0.8754727552878554 0.835366057406355490
98 80.304 0.7984669434685404 0.876024949190553 0.835449806175644990
99 80.296 0.7984669434685404 0.875902179244622 0.835393971797099690
100 80.308 0.798568964415767 0.8759635599159075 0.835477726163820590
