1 0.71904 0.6957973838018369 0.8891101785333239 10
2 0.7018 0.6959135953679991 0.8624853377492583 10
3 0.7154 0.7042650290157192 0.8701099819017124 10
4 0.70724 0.6980510414921539 0.8673327782403553 10
5 0.7152000000000001 0.6941744876992281 0.8857082122865443 10
6 0.7175199999999999 0.6910276963900713 0.8945824089315108 10
7 0.71444 0.686436024162548 0.8974082848732859 10
8 0.71736 0.6913716814159292 0.8937508937508938 10
9 0.71912 0.6920989978406511 0.8953513358641931 10
10 0.71816 0.6904551480335838 0.896571510543681 10
11 0.71616 0.6910276963900713 0.8924109373884487 10
12 0.7156 0.6895030062331072 0.8940705242829554 10
13 0.71592 0.6904170118751726 0.8930485103950847 10
14 0.71824 0.6902645093599867 0.897021887334051 10
15 0.71816 0.7027604430201833 0.8766393155200224 10
16 0.7168 0.7039873845460689 0.8726612678022898 10
17 0.7183200000000001 0.7065340266787249 0.8710801393728222 10
18 0.7192000000000001 0.6943287229906127 0.8917742740957408 10
19 0.72004 0.6945987997332741 0.8926658573162893 10
20 0.71916 0.6914099231152165 0.896571510543681 10
21 0.7195199999999999 0.7050197405527355 0.875227559165383 10
22 0.71456 0.703591129123044 0.8698677800974252 10
23 0.71792 0.7070535663781888 0.8696862172128296 10
24 0.7176400000000001 0.703037120359955 0.8754114433783878 10
25 0.72004 0.6938662225922843 0.8938787185354691 10
