1 0.72468 0.7364637954398162 0.8383635144198525 20
2 0.73332 0.7337833871441151 0.8542919628212138 20
3 0.73876 0.7389453771577205 0.8552856654122477 20
4 0.74448 0.7415757000474609 0.8601706578585191 20
5 0.7325999999999999 0.7464469126955691 0.8367360599772408 20
6 0.73152 0.7331808317203355 0.852485848734911 20
7 0.73732 0.7400828892835998 0.8516726851536418 20
8 0.7345200000000001 0.7316359379572724 0.8589884551951622 20
9 0.73712 0.7368545154444707 0.8556955093099672 20
10 0.73748 0.7367242293864561 0.8563990134283366 20
11 0.74132 0.7385960765776413 0.8595200440074262 20
12 0.7414000000000001 0.7382907093497135 0.8600522911793037 20
13 0.7432000000000001 0.7477865518066523 0.8501088139281828 20
14 0.74204 0.7426772027805835 0.8551101381857983 20
15 0.7438 0.7399076595240914 0.8614154779133072 20
16 0.74432 0.7383343177790904 0.864334116996266 20
17 0.74424 0.7399076595240914 0.8620689655172413 20
18 0.74488 0.7456454306848007 0.8553441905022581 20
19 0.74436 0.7387270255895042 0.8638562543192813 20
20 0.74796 0.7394699479413157 0.8682364381468362 20
21 0.74464 0.7475629447999521 0.852485848734911 20
22 0.7458400000000001 0.7395574488226245 0.8649321893163576 20
23 0.74856 0.7383343177790904 0.8707160769016439 20
24 0.7456 0.7379855945211949 0.8667313826099016 20
25 0.7490399999999999 0.7396449704142012 0.8696257130930848 20
