1 0.69108 0.7332668504722238 0.7973972952283745 30
2 0.71008 0.7375936743966484 0.8169400692765179 30
3 0.71372 0.7303961668809162 0.8309512730173503 30
4 0.72956 0.7355537248440626 0.8464820207218798 30
5 0.72316 0.7355537248440626 0.837408722449253 30
6 0.7258800000000001 0.7352076226326315 0.8416941620092923 30
7 0.7345999999999999 0.745423102152782 0.8408448809363649 30
8 0.73388 0.7434723130910605 0.8423180592991913 30
9 0.73748 0.7476970929537026 0.8420343550016841 30
10 0.73268 0.7368545154444707 0.8492424757116652 30
11 0.7405200000000001 0.7439590524937507 0.8512087163772557 30
12 0.73724 0.7434280956345902 0.8471704506946798 30
13 0.73376 0.7377678097149265 0.8495887990212737 30
14 0.738 0.7352076226326315 0.8592246356887545 30
15 0.7385200000000001 0.7449344457687723 0.8470556346140814 30
16 0.73744 0.7404774598661217 0.8513246611727848 30
17 0.7389600000000001 0.7382471060713443 0.8565163765931204 30
18 0.74244 0.7520154012754181 0.8436255652291287 30
19 0.73588 0.7422362092512321 0.8467687305243192 30
20 0.7465999999999999 0.7476076555023924 0.8552856654122477 30
21 0.74196 0.7470268332038487 0.8493001766544367 30
22 0.74028 0.7398638650488311 0.8562816824222497 30
23 0.74232 0.7359001530672319 0.8646928610957388 30
24 0.7412799999999999 0.7332668504722238 0.8667914846404549 30
