1 0.66396 0.8287475966319697 0.6823889070859264 50
2 0.7175199999999999 0.7515632515632515 0.8101101749837978 50
3 0.68348 0.8247558722618105 0.7039477389198626 50
4 0.7236400000000001 0.7694201649636834 0.7980591202196259 50
5 0.7192000000000001 0.7561093636583596 0.8070764462809917 50
6 0.72892 0.7602943859862539 0.815075639019301 50
7 0.72244 0.7611276867807343 0.805620005155968 50
8 0.72784 0.7531935406121957 0.8219358232509205 50
9 0.73124 0.7524228014205743 0.8274857672448034 50
10 0.7362 0.7539203860072377 0.8325008325008325 50
11 0.73464 0.7591861524445794 0.8240490473993012 50
12 0.7345999999999999 0.7526040098741646 0.8318913882603487 50
13 0.73432 0.7588174588720937 0.8240490473993012 50
14 0.74228 0.7681907571288102 0.8239404126293587 50
15 0.7400800000000001 0.7654154675157676 0.8241577108195425 50
16 0.7440800000000001 0.7714144655640582 0.82269316835593 50
17 0.75052 0.7655560999510044 0.8384197464618687 50
18 0.74628 0.7648066568771414 0.8333888925928395 50
19 0.7462 0.7664009809932557 0.8313934153641503 50
20 0.7424 0.7546941979110064 0.8402231632721651 50
21 0.7476 0.7659783074943317 0.8338336335134414 50
22 0.7478400000000001 0.7686631410650596 0.8310065150910784 50
23 0.7480800000000001 0.7643857396196416 0.8364001338240215 50
24 0.74596 0.7688049695553232 0.8282533792737874 50
