1 0.6894 0.676956404007582 0.8741258741258742 60
2 0.7001200000000001 0.7512019230769231 0.788295390048559 60
3 0.6964 0.7442691277165823 0.7913896802785692 60
4 0.70452 0.7762528721356269 0.7676246622451486 60
5 0.72008 0.750435252446419 0.8148099863111923 60
6 0.73024 0.7627997803136632 0.8139610601028847 60
7 0.7316400000000001 0.7662130685300969 0.8119519324455993 60
8 0.7252000000000001 0.7652748867393168 0.804582904222451 60
9 0.7308 0.7823256978345224 0.7935500253936009 60
10 0.73624 0.7706060045619876 0.8131139009952514 60
11 0.73448 0.7712240868706811 0.8101101749837978 60
12 0.72068 0.7632655553520181 0.8009739843649878 60
13 0.73888 0.7730364873222016 0.8139080609454356 60
14 0.74196 0.7738021542651975 0.8171536902660652 60
15 0.7332000000000001 0.7628463322348347 0.81784873069877 60
16 0.73944 0.7768317693120378 0.8104778577449264 60
17 0.7398 0.7688995509626623 0.8197796432318992 60
18 0.7348399999999999 0.763498656242365 0.8192960608245395 60
19 0.74072 0.7697044334975369 0.8201023487731269 60
20 0.73292 0.762660158633313 0.8176882318309675 60
21 0.73784 0.774041736330423 0.8114248620577734 60
22 0.7367600000000001 0.7669652718124923 0.8179022443237585 60
23 0.74352 0.7701786814540974 0.8233434330127782 60
24 0.7438400000000001 0.7718431614695894 0.8218817805246893 60
