1 0.69592 0.7690414667158854 0.7646195253241986 70
2 0.69208 0.7145715429028754 0.8220979940808945 70
3 0.70436 0.7709386949549771 0.7727019842986956 70
4 0.71564 0.7646195253241986 0.7930968847154368 70
5 0.72556 0.766119146849718 0.8041170794467675 70
6 0.7305200000000001 0.7739938080495357 0.8019503432347469 70
7 0.71204 0.7701786814540974 0.7827666103074707 70
8 0.73396 0.7738500588126045 0.8065556846044651 70
9 0.73132 0.7679076053569235 0.8096379299177408 70
10 0.7279599999999999 0.7827175954915466 0.7895900448487145 70
11 0.7226 0.7614058597794968 0.8055161747647893 70
12 0.72356 0.766447973511558 0.8011793359825663 70
13 0.74376 0.7781374501992032 0.8147568765480381 70
14 0.73116 0.7630325967525333 0.8149162266119043 70
15 0.73272 0.7694201649636834 0.8097952837522674 70
16 0.73992 0.77557858162189 0.8124796880077998 70
17 0.74204 0.7812988311769485 0.8090614886731392 70
18 0.74032 0.7795933641012848 0.8086427739681719 70
19 0.74256 0.7727497527200792 0.8191349934469201 70
20 0.73868 0.7634053988029803 0.8245926512302922 70
21 0.74468 0.779010345257385 0.8150224946208515 70
22 0.7420800000000001 0.7720815318097591 0.8192423646611614 70
23 0.7448 0.781201174926567 0.8127966707848364 70
24 0.74996 0.7776533532412592 0.8236146801080583 70
