1 0.64316 0.799130545965989 0.6838448492805952 80
2 0.70688 0.781054736315921 0.7657436902719922 80
3 0.6866 0.7617770735571943 0.7609886764884939 80
4 0.71528 0.788046904551759 0.7689468503937008 80
5 0.70248 0.7905388312673919 0.751834476121737 80
6 0.70888 0.7858669684395826 0.763498656242365 80
7 0.71184 0.7932478740956974 0.7600632372613402 80
8 0.71044 0.7730842971117571 0.7778469197261979 80
9 0.7257199999999999 0.7782343419250405 0.7913896802785692 80
10 0.7186 0.7850772516015576 0.7757711164897908 80
11 0.7342 0.7779437391087877 0.8024651730114913 80
12 0.73376 0.7827666103074707 0.7968381462357366 80
13 0.72984 0.7776049766718507 0.7972447222399388 80
14 0.73624 0.7836008024072216 0.799130545965989 80
15 0.7361599999999999 0.7887430590610802 0.793751587503175 80
16 0.7327600000000001 0.7834043619954876 0.794912559618442 80
17 0.73932 0.7823746635788946 0.8043758043758044 80
18 0.7328 0.7837973413594181 0.7945588609204169 80
19 0.72492 0.7820320320320321 0.7865097841817152 80
20 0.7412799999999999 0.7869058860560277 0.8021561958544567 80
21 0.7358 0.7787676780262912 0.8036517937508036 80
22 0.7280800000000001 0.7726542217826678 0.8002560819462228 80
23 0.73436 0.7841907151819323 0.7961276351824724 80
24 0.7385999999999999 0.7884445565787814 0.7971430393469804 80
