1 56.57600000000001
2 57.24
3 58.251999999999995
4 57.275999999999996
5 57.128
6 57.752
7 56.675999999999995
8 56.48
9 57.64
10 56.532000000000004
11 55.879999999999995
12 56.763999999999996
13 55.688
14 56.672
15 56.692
16 56.96399999999999
17 56.684
18 56.75600000000001
19 56.940000000000005
20 56.408
21 56.836
22 56.84
23 56.956
24 56.688
25 56.712
26 71.66399999999999
27 71.65599999999999
29 71.64399999999999
30 71.64399999999999
31 71.65599999999999
32 71.58
33 71.572
34 71.652
35 71.652
36 71.652
37 71.648
38 71.652
39 71.58
40 71.58
41 71.652
42 71.648
43 71.572
44 71.652
45 71.648
46 71.652
47 71.584
48 71.58
49 71.64399999999999
50 71.58
51 71.652
52 71.652
53 71.652
54 71.648
55 71.652
57 71.58
58 71.58
59 71.652
60 71.652
61 71.58
62 71.652
63 71.652
64 71.576
65 71.652
66 71.652
67 71.652
68 71.58
69 71.58
70 71.648
71 71.648
72 71.652
73 71.58
74 71.58
75 71.58
76 71.652
77 71.58
78 71.648
79 71.58
80 71.652
81 71.58
82 71.58
83 71.652
84 71.652
85 71.652
86 71.652
87 71.652
88 71.652
89 71.652
90 71.652
91 71.58
92 71.652
93 71.652
94 71.58
95 71.652
96 71.652
97 71.652
98 71.652
99 71.652
100 71.652
1 71.504
2 71.468
3 71.63999999999999
4 71.504
5 71.636
6 71.568
7 71.52000000000001
8 71.572
9 71.532
10 71.636
11 71.572
12 71.58
13 71.652
14 71.592
15 71.648
16 71.568
18 71.584
20 71.648
21 71.65599999999999
22 71.576
23 71.652
24 71.56400000000001
25 71.648
26 71.652
27 71.63999999999999
29 71.576
30 71.652
31 71.652
32 71.58
33 71.58
34 71.652
35 71.576
36 71.648
37 71.648
38 71.616
39 71.58
40 71.64399999999999
41 71.648
42 71.64399999999999
43 71.652
44 71.652
45 71.58
46 71.648
47 71.648
48 71.652
49 71.58
50 71.58
51 71.58
52 71.652
53 71.652
54 71.652
55 71.58
57 71.652
58 71.58800000000001
59 71.64399999999999
60 71.64399999999999
61 71.652
62 71.652
63 71.652
64 71.58
65 71.652
66 71.652
67 71.652
68 71.58
69 71.652
70 71.652
71 71.58
72 71.58
73 71.58
74 71.58
75 71.652
76 71.58
77 71.652
78 71.652
79 71.648
80 71.652
81 71.58
82 71.652
83 71.652
84 71.58
85 71.652
86 71.648
87 71.652
88 71.652
89 71.652
91 71.652
92 71.652
93 71.652
94 71.58
95 71.652
96 71.652
97 71.652
98 71.652
99 71.652
100 71.652
