1 62.38399999999999
2 56.516
3 59.388
4 55.864000000000004
5 55.891999999999996
6 58.739999999999995
7 56.228
8 57.75600000000001
9 56.928
10 56.092
11 56.23199999999999
12 58.988
13 57.584
14 56.928
15 56.403999999999996
16 57.440000000000005
17 57.69599999999999
18 57.028
19 57.864000000000004
20 57.06400000000001
21 57.36399999999999
22 57.092
23 56.831999999999994
24 57.55200000000001
25 80.74799999999999
26 81.04400000000001
27 80.73599999999999
29 80.884
30 80.952
31 80.848
32 80.792
33 81.0
34 80.84400000000001
35 81.056
36 80.912
37 80.728
38 80.904
39 80.94
40 80.876
41 80.904
42 80.88
43 80.972
44 80.872
45 80.97999999999999
46 80.824
47 80.916
48 80.732
49 81.03200000000001
50 80.88
51 80.852
52 80.904
53 80.996
54 80.96
55 81.008
57 80.856
58 80.912
59 80.956
60 81.008
61 80.88
62 80.908
63 80.86800000000001
64 81.02000000000001
65 80.96
66 80.896
67 80.928
68 80.888
69 80.89999999999999
70 80.884
71 80.852
72 80.876
73 80.948
74 80.84
75 80.86
76 80.884
77 80.86
78 80.908
79 80.988
80 81.08
81 80.908
82 80.89999999999999
83 80.904
84 80.908
85 80.904
86 80.84
87 80.908
88 81.04
89 80.892
90 80.892
91 80.892
92 80.89999999999999
93 80.872
94 80.908
95 80.92399999999999
96 80.892
97 80.88
98 80.884
99 80.892
100 80.876
1 78.364
2 79.86
3 80.192
4 80.084
5 80.08
6 80.432
8 80.58800000000001
10 80.44
15 80.328
16 80.408
18 80.516
19 80.56
20 80.42
21 80.43599999999999
22 80.596
23 80.58
24 80.352
25 80.5
26 80.47999999999999
27 80.53200000000001
29 80.54
30 80.57600000000001
31 80.452
32 80.584
33 80.432
34 80.404
35 80.52
36 80.468
37 80.428
38 80.528
39 80.5
40 80.74799999999999
41 80.58800000000001
42 80.396
43 80.46
44 80.54
45 80.688
46 80.468
47 80.56
48 80.448
49 80.584
50 80.572
51 80.46
52 80.55600000000001
53 80.52
54 80.56400000000001
55 80.57600000000001
57 80.476
58 80.52
59 80.512
60 80.604
61 80.56400000000001
62 80.52
63 80.568
64 80.468
65 80.536
66 80.544
67 80.572
68 80.568
69 80.552
70 80.572
71 80.568
72 80.536
73 80.484
74 80.57600000000001
75 80.52
76 80.496
77 80.508
78 80.548
79 80.49199999999999
80 80.572
81 80.60000000000001
82 80.636
83 80.5
84 80.644
85 80.56
86 80.536
87 80.53200000000001
88 80.54
89 80.552
90 80.536
91 80.55600000000001
92 80.56400000000001
93 80.57600000000001
94 80.592
95 80.50399999999999
96 80.592
97 80.54
98 80.58
99 80.58
100 80.56
