1 54.196
2 54.86
3 55.29200000000001
4 54.432
5 54.664
6 54.552
7 55.196
8 54.65599999999999
9 55.24400000000001
10 55.123999999999995
11 54.76
12 54.596000000000004
13 54.48
14 54.796
15 55.46
16 55.16
17 54.72
18 55.216
19 55.264
20 55.204
21 54.53600000000001
22 54.492000000000004
23 54.364000000000004
24 54.416
25 54.616
26 74.92
27 74.804
29 74.892
30 74.908
31 74.92
32 74.88
33 74.956
34 74.856
35 74.91600000000001
36 74.83999999999999
37 74.83999999999999
38 74.872
39 74.912
40 74.884
41 74.9
42 74.856
43 74.884
44 74.848
45 74.964
46 74.96000000000001
47 74.9
48 74.888
49 74.852
50 74.856
51 74.86
52 74.836
53 74.844
54 74.896
55 74.83999999999999
57 74.868
58 74.864
59 74.892
60 74.88
61 74.9
62 74.848
63 74.852
64 74.896
65 74.924
66 74.876
67 74.904
68 74.83999999999999
69 74.856
70 74.848
71 74.83999999999999
72 74.876
73 74.91600000000001
74 74.844
75 74.91600000000001
76 74.872
77 74.896
78 74.844
79 74.844
80 74.832
81 74.94000000000001
82 74.876
83 74.876
84 74.94000000000001
85 74.876
86 74.884
87 74.908
88 74.86
89 74.864
90 74.844
91 74.872
92 74.872
93 74.83999999999999
94 74.828
95 74.836
96 74.86
97 74.86
98 74.868
99 74.83999999999999
100 74.83999999999999
1 74.488
2 74.62
3 74.824
4 74.972
5 74.67200000000001
6 74.9
7 74.83999999999999
8 74.78
9 74.81599999999999
10 74.908
11 74.932
12 74.7
13 74.92
14 74.78
15 74.896
16 74.932
18 74.876
19 74.92
20 74.964
21 75.02
22 74.896
23 74.82
24 74.96000000000001
25 74.888
26 74.836
27 74.88
29 74.92
30 74.896
31 74.844
32 74.812
33 74.924
34 74.936
35 74.864
36 74.912
37 74.952
38 74.972
39 74.91600000000001
40 74.94000000000001
41 74.844
42 74.952
43 74.972
44 74.92
45 74.844
46 74.88
47 74.788
48 74.88
49 74.888
50 74.856
51 74.94000000000001
52 74.908
53 74.884
54 74.948
55 74.856
57 74.904
58 74.92
59 74.872
60 74.836
61 74.928
62 74.912
63 74.94000000000001
64 74.936
65 74.83999999999999
66 74.9
67 74.944
68 74.83999999999999
69 74.86
70 74.852
71 74.884
72 74.83999999999999
73 74.936
74 74.868
75 74.83999999999999
76 74.86
77 74.852
78 74.872
79 74.908
80 74.864
81 74.83999999999999
82 74.872
83 74.852
84 74.844
85 74.832
86 74.848
87 74.868
88 74.844
89 74.86
91 74.844
92 74.868
93 74.872
94 74.836
95 74.864
96 74.872
97 74.868
98 74.832
99 74.836
100 74.83999999999999
