1 57.903999999999996
2 59.744
3 56.616
4 59.716
5 57.228
6 55.94
7 57.85199999999999
8 58.85199999999999
9 56.132000000000005
10 56.86
11 58.028
12 56.128
13 57.007999999999996
14 56.75600000000001
15 57.82000000000001
16 57.46800000000001
17 56.936
18 56.776
19 57.20799999999999
20 56.824000000000005
21 57.00000000000001
22 56.11999999999999
23 56.972
24 57.084
25 76.696
26 76.644
27 76.576
29 76.62
30 76.484
31 76.616
32 76.568
33 76.696
34 76.668
35 76.644
36 76.668
37 76.596
38 76.656
39 76.64
40 76.724
41 76.736
42 76.508
43 76.64800000000001
44 76.532
45 76.644
46 76.68
47 76.728
48 76.58
49 76.652
50 76.68
51 76.724
52 76.63600000000001
53 76.568
54 76.656
55 76.58
57 76.704
58 76.656
59 76.724
60 76.512
61 76.61200000000001
62 76.628
63 76.67200000000001
64 76.704
65 76.68
66 76.712
67 76.704
68 76.724
69 76.752
70 76.656
71 76.63600000000001
72 76.652
73 76.736
74 76.69200000000001
75 76.7
76 76.62
77 76.676
78 76.696
79 76.69200000000001
80 76.712
81 76.712
82 76.696
83 76.736
84 76.7
85 76.688
86 76.696
87 76.67200000000001
88 76.684
89 76.68
90 76.684
91 76.69200000000001
92 76.684
93 76.676
94 76.696
95 76.68
96 76.668
97 76.68
98 76.7
99 76.68
100 76.68
1 75.6
2 75.788
3 76.196
4 76.312
5 76.216
6 76.192
7 76.1
8 76.268
9 76.276
10 76.44
11 76.436
12 76.272
13 76.388
14 76.52799999999999
15 76.30799999999999
16 76.4
18 76.416
19 76.3
20 76.336
21 76.416
22 76.364
23 76.444
24 76.356
25 76.324
26 76.40400000000001
27 76.5
29 76.36
30 76.40400000000001
31 76.42
32 76.46
33 76.496
34 76.424
35 76.456
36 76.464
37 76.476
38 76.348
39 76.456
40 76.5
41 76.408
42 76.464
43 76.36
44 76.48
45 76.34
46 76.36800000000001
47 76.408
48 76.364
49 76.47200000000001
50 76.42
51 76.436
52 76.392
53 76.496
54 76.364
55 76.52
57 76.46
58 76.456
59 76.428
60 76.452
61 76.388
62 76.476
63 76.484
64 76.46
65 76.50399999999999
66 76.484
67 76.464
68 76.44800000000001
69 76.47200000000001
70 76.496
71 76.476
72 76.492
73 76.48
74 76.47200000000001
75 76.512
76 76.456
77 76.5
78 76.436
79 76.496
80 76.46
81 76.488
82 76.484
83 76.44
84 76.50399999999999
85 76.484
86 76.488
87 76.492
88 76.52
89 76.48
91 76.44
92 76.46
93 76.508
94 76.464
95 76.47200000000001
96 76.484
97 76.464
98 76.484
99 76.484
100 76.468
