1 50.083999999999996
2 50.088
3 50.092000000000006
4 50.088
5 50.092000000000006
6 50.088
7 50.088
8 50.088
9 50.092000000000006
10 50.092000000000006
11 50.092000000000006
12 50.088
13 50.092000000000006
14 50.092000000000006
15 50.092000000000006
16 50.088
17 50.092000000000006
18 50.088
19 50.092000000000006
20 50.092000000000006
21 50.092000000000006
22 50.088
23 50.092000000000006
24 50.092000000000006
25 77.548
26 77.488
27 77.444
29 77.532
30 77.512
31 77.628
32 77.632
33 77.50399999999999
34 77.47999999999999
35 77.556
36 77.536
37 77.484
38 77.548
39 77.644
40 77.584
41 77.668
42 77.7
43 77.628
44 77.616
45 77.644
46 77.656
47 77.576
48 77.668
49 77.652
50 77.60000000000001
51 77.644
52 77.55199999999999
53 77.53999999999999
54 77.62
55 77.464
57 77.60400000000001
58 77.636
59 77.58800000000001
60 77.544
61 77.58
62 77.608
63 77.652
64 77.564
65 77.62400000000001
66 77.60000000000001
67 77.596
68 77.608
69 77.664
70 77.66
71 77.524
72 77.64800000000001
73 77.64
74 77.644
75 77.58800000000001
76 77.628
77 77.596
78 77.64
79 77.572
80 77.592
81 77.628
82 77.632
83 77.584
84 77.632
85 77.632
86 77.60400000000001
87 77.576
88 77.576
89 77.636
90 77.616
91 77.60000000000001
92 77.632
93 77.64
94 77.636
95 77.64800000000001
96 77.636
97 77.632
98 77.632
99 77.616
100 77.628
1 76.024
2 76.804
3 77.36800000000001
4 77.43599999999999
5 77.208
6 77.068
7 77.384
8 77.324
9 77.072
10 77.43599999999999
11 77.264
12 77.336
13 77.392
14 77.312
15 77.184
16 77.328
18 77.38000000000001
19 77.268
20 77.44
21 77.36800000000001
22 77.336
23 77.25999999999999
24 77.408
25 77.20400000000001
26 77.396
27 77.29599999999999
29 77.372
30 77.36800000000001
31 77.42
32 77.42
33 77.43599999999999
34 77.412
35 77.312
36 77.412
37 77.396
38 77.336
39 77.432
40 77.328
41 77.316
42 77.40400000000001
43 77.38000000000001
44 77.456
45 77.432
46 77.492
47 77.28399999999999
48 77.42
49 77.412
50 77.392
51 77.428
52 77.35600000000001
53 77.372
54 77.424
55 77.35600000000001
57 77.372
58 77.408
59 77.42
60 77.384
61 77.47999999999999
62 77.40400000000001
63 77.38000000000001
64 77.40400000000001
65 77.348
66 77.388
67 77.424
68 77.432
69 77.408
70 77.388
71 77.364
72 77.408
73 77.4
74 77.372
75 77.408
76 77.4
77 77.396
78 77.376
79 77.412
80 77.396
81 77.424
82 77.408
83 77.384
84 77.428
85 77.392
86 77.416
87 77.428
88 77.388
89 77.4
91 77.384
92 77.396
93 77.412
94 77.40400000000001
95 77.4
96 77.388
97 77.392
98 77.392
99 77.40400000000001
100 77.4
