1 50.01599999999999
2 50.01599999999999
3 50.01599999999999
4 50.01599999999999
5 50.01599999999999
6 50.01599999999999
7 50.01599999999999
8 50.01599999999999
9 50.01599999999999
10 50.01599999999999
11 50.01599999999999
12 50.01599999999999
13 50.01599999999999
14 50.01599999999999
15 50.01599999999999
16 50.01599999999999
17 50.01599999999999
18 50.01599999999999
19 50.01599999999999
20 50.01599999999999
21 50.01599999999999
22 50.01599999999999
23 50.01599999999999
24 50.01599999999999
25 78.368
26 78.412
27 78.532
29 78.42
30 78.47999999999999
31 78.568
32 78.468
33 78.488
34 78.508
35 78.416
36 78.524
37 78.584
38 78.34400000000001
39 78.52799999999999
40 78.5
41 78.416
42 78.33600000000001
43 78.428
44 78.44
45 78.512
46 78.532
47 78.42
48 78.496
49 78.536
50 78.44
51 78.412
52 78.53999999999999
53 78.468
54 78.47999999999999
55 78.476
57 78.53999999999999
58 78.496
59 78.444
60 78.492
61 78.444
62 78.476
63 78.42
64 78.456
65 78.488
66 78.468
67 78.51599999999999
68 78.476
69 78.55199999999999
70 78.50399999999999
71 78.492
72 78.508
73 78.556
74 78.472
75 78.51599999999999
76 78.472
77 78.508
78 78.452
79 78.568
80 78.58000000000001
81 78.532
82 78.508
83 78.52
84 78.544
85 78.544
86 78.532
87 78.52
88 78.524
89 78.464
90 78.508
91 78.508
92 78.5
93 78.52
94 78.50399999999999
95 78.532
96 78.51599999999999
97 78.52
98 78.52799999999999
99 78.52
100 78.512
1 77.64
2 78.164
3 78.176
4 78.048
5 78.208
6 78.256
7 78.188
8 78.256
9 78.212
10 78.116
11 78.288
12 78.364
13 78.248
14 78.14
15 78.36
16 78.30799999999999
18 78.3
19 78.312
20 78.28399999999999
21 78.25999999999999
22 78.312
23 78.376
24 78.252
25 78.3
26 78.232
27 78.304
29 78.25999999999999
30 78.388
31 78.32000000000001
32 78.408
33 78.35600000000001
34 78.33600000000001
35 78.38000000000001
36 78.3
37 78.372
38 78.292
39 78.352
40 78.28399999999999
41 78.372
42 78.3
43 78.376
44 78.36
45 78.32000000000001
46 78.364
47 78.352
48 78.264
49 78.348
50 78.35600000000001
51 78.368
52 78.304
53 78.292
54 78.372
55 78.36
57 78.38000000000001
58 78.324
59 78.33600000000001
60 78.34400000000001
61 78.312
62 78.304
63 78.348
64 78.29599999999999
65 78.33200000000001
66 78.33200000000001
67 78.312
68 78.38000000000001
69 78.316
70 78.36
71 78.38000000000001
72 78.376
73 78.404
74 78.412
75 78.35600000000001
76 78.364
77 78.352
78 78.348
79 78.4
80 78.288
81 78.4
82 78.34
83 78.312
84 78.384
85 78.392
86 78.368
87 78.368
88 78.364
89 78.36
91 78.368
92 78.35600000000001
93 78.376
94 78.35600000000001
95 78.368
96 78.34400000000001
97 78.388
98 78.364
99 78.352
100 78.364
