25 78.932
26 78.736
27 78.72
29 78.78399999999999
30 78.764
31 78.764
32 78.756
33 78.976
34 78.852
35 78.712
36 78.84
37 78.84
38 78.732
39 78.736
40 78.756
41 78.75999999999999
42 78.85600000000001
43 78.808
44 78.884
45 78.88
46 78.776
47 78.75999999999999
48 78.912
49 78.79599999999999
50 78.84
51 78.788
52 78.864
53 78.848
54 78.74
55 78.86800000000001
57 78.74799999999999
58 78.828
59 78.82400000000001
60 78.8
61 78.848
62 78.776
63 78.812
64 78.78399999999999
65 78.83200000000001
66 78.84
67 78.776
68 78.86800000000001
69 78.84
70 78.792
71 78.764
72 78.86
73 78.82000000000001
74 78.89200000000001
75 78.816
76 78.768
77 78.85600000000001
78 78.84400000000001
79 78.82000000000001
80 78.83200000000001
81 78.83200000000001
82 78.836
83 78.836
84 78.86
85 78.848
86 78.86
87 78.82000000000001
88 78.804
89 78.836
90 78.812
91 78.848
92 78.888
93 78.852
94 78.86800000000001
95 78.808
96 78.84400000000001
97 78.82000000000001
98 78.86
99 78.828
100 78.84
1 77.51599999999999
2 78.164
3 78.34400000000001
4 78.456
5 78.34
6 78.316
7 78.524
8 78.556
9 78.58800000000001
10 78.62
11 78.64
12 78.58000000000001
13 78.664
14 78.656
15 78.55199999999999
16 78.628
18 78.8
19 78.708
20 78.816
21 78.768
22 78.676
23 78.74
24 78.652
25 78.664
26 78.792
27 78.696
28 78.708
29 78.684
30 78.72
31 78.78399999999999
32 78.752
33 78.75999999999999
34 78.72
35 78.736
36 78.74
37 78.944
38 78.74
39 78.768
40 78.712
41 78.67999999999999
42 78.732
43 78.82000000000001
44 78.712
45 78.744
46 78.74799999999999
47 78.812
48 78.816
49 78.7
50 78.768
51 78.732
52 78.74799999999999
53 78.728
54 78.664
55 78.592
57 78.792
58 78.7
59 78.684
60 78.78
61 78.728
62 78.72
63 78.764
64 78.744
65 78.768
66 78.764
67 78.728
68 78.776
69 78.876
70 78.816
71 78.78399999999999
72 78.764
73 78.808
74 78.736
75 78.77199999999999
76 78.776
77 78.696
78 78.64800000000001
79 78.8
80 78.804
81 78.768
82 78.752
83 78.77199999999999
84 78.744
85 78.74799999999999
86 78.744
87 78.744
88 78.72
89 78.704
91 78.78
92 78.732
93 78.75999999999999
94 78.708
95 78.744
96 78.776
97 78.732
98 78.708
99 78.756
100 78.732
