1 50.0
2 50.0
3 50.0
4 50.0
5 50.0
6 50.0
7 50.0
8 50.0
9 50.0
10 50.0
11 50.0
12 50.0
13 50.0
14 50.0
15 50.0
16 50.0
17 50.0
18 50.0
19 50.0
20 50.0
21 50.0
22 50.0
23 50.0
24 50.0
25 79.652
26 79.52799999999999
27 79.66
29 79.652
30 79.66
31 79.676
32 79.708
33 79.67999999999999
34 79.616
35 79.732
36 79.596
37 79.75999999999999
38 79.568
39 79.67999999999999
40 79.632
41 79.644
42 79.744
43 79.568
44 79.72
45 79.628
46 79.636
47 79.74799999999999
48 79.496
49 79.636
50 79.676
51 79.708
52 79.644
53 79.744
54 79.64
55 79.768
57 79.65599999999999
58 79.632
59 79.712
60 79.72399999999999
61 79.65599999999999
62 79.67999999999999
63 79.608
64 79.708
65 79.684
66 79.712
67 79.696
68 79.692
69 79.732
70 79.65599999999999
71 79.72399999999999
72 79.65599999999999
73 79.66
74 79.744
75 79.668
76 79.74799999999999
77 79.644
78 79.692
79 79.712
80 79.65599999999999
81 79.704
82 79.62
83 79.752
84 79.69999999999999
85 79.664
86 79.736
87 79.664
88 79.66
89 79.66
90 79.756
91 79.66
92 79.708
93 79.66
94 79.668
95 79.704
96 79.692
97 79.732
98 79.692
99 79.65599999999999
100 79.704
1 78.12
2 78.264
3 78.56
4 78.836
5 78.852
6 78.85600000000001
7 79.024
8 79.104
9 78.904
10 79.06
11 78.852
12 78.96799999999999
13 78.964
15 78.99199999999999
16 79.024
18 79.036
19 79.104
20 78.904
21 79.13600000000001
22 79.148
23 79.124
24 79.172
25 79.036
26 79.084
27 79.02799999999999
29 79.132
30 79.032
31 79.124
32 79.06
33 79.08
34 79.048
35 79.156
36 79.148
37 79.06400000000001
38 79.152
39 79.116
40 79.18
41 79.11200000000001
42 79.148
43 79.156
44 79.228
45 79.056
46 79.18
47 79.144
48 79.16
49 79.13600000000001
50 79.22
51 79.2
52 79.204
53 79.172
54 79.18
55 79.14
57 79.144
58 79.14
59 79.124
60 79.232
61 79.11200000000001
62 79.084
63 79.116
64 79.156
65 79.13600000000001
66 79.156
67 79.24799999999999
68 79.132
69 79.172
70 79.144
71 79.256
72 79.16
73 79.12
74 79.128
75 79.196
76 79.22
77 79.14
78 79.09200000000001
79 79.148
80 79.22
81 79.172
82 79.128
83 79.124
84 79.172
85 79.148
86 79.172
87 79.148
88 79.132
89 79.096
91 79.12
92 79.144
93 79.164
94 79.11200000000001
95 79.11200000000001
96 79.176
97 79.13600000000001
98 79.144
99 79.16799999999999
100 79.13600000000001
