1 51.612
2 51.72
3 51.744
4 51.732
5 51.70399999999999
6 51.74000000000001
7 51.74799999999999
8 51.7
9 51.72
10 51.756
11 51.672000000000004
12 51.736000000000004
13 51.712
14 51.74799999999999
15 51.71600000000001
16 51.751999999999995
17 51.732
18 51.744
19 51.760000000000005
20 51.751999999999995
21 51.756
22 51.712
23 51.72
24 51.71600000000001
25 80.052
26 80.04400000000001
27 80.0
29 80.072
30 80.108
31 80.188
32 79.94
33 80.024
34 80.116
35 80.052
36 80.08
37 80.032
38 80.06800000000001
39 80.108
40 80.1
41 80.08800000000001
42 80.128
43 79.972
44 80.008
45 80.11200000000001
46 80.04400000000001
47 80.024
48 80.172
49 80.072
50 80.00399999999999
51 80.08800000000001
52 80.056
53 80.12
54 80.12
55 80.06
57 80.136
58 80.08
59 80.06400000000001
60 80.132
61 80.124
62 80.08800000000001
63 80.164
64 80.092
65 80.024
66 80.06400000000001
67 80.06800000000001
68 80.196
69 80.116
70 80.08800000000001
71 80.152
72 80.12
73 80.11200000000001
74 80.08800000000001
75 80.096
76 80.104
77 80.136
78 80.128
79 80.06
80 80.16
81 80.12
82 80.06400000000001
83 80.08
84 80.04400000000001
85 80.052
86 80.08
87 80.096
88 80.06800000000001
89 80.132
90 80.06
91 80.124
92 80.08800000000001
93 80.136
94 80.052
95 80.084
96 80.108
97 80.06400000000001
98 80.06800000000001
99 80.06
100 80.052
1 77.32
2 78.8
3 79.148
4 79.408
5 79.696
6 79.452
7 79.54
8 79.304
9 79.41199999999999
10 79.572
11 79.67999999999999
12 79.652
13 79.444
15 79.62
16 79.42
18 79.4
19 79.67999999999999
20 79.532
21 79.632
22 79.524
23 79.65599999999999
24 79.424
25 79.62
26 79.536
27 79.644
29 79.696
30 79.636
31 79.672
32 79.612
33 79.676
34 79.78
35 79.72
36 79.56
37 79.872
38 79.56
39 79.708
40 79.636
41 79.69999999999999
42 79.67999999999999
43 79.676
44 79.644
45 79.62
46 79.62400000000001
47 79.664
48 79.776
49 79.676
50 79.56400000000001
51 79.72399999999999
52 79.74
53 79.596
54 79.804
55 79.796
57 79.752
58 79.584
59 79.74799999999999
60 79.62400000000001
61 79.64
62 79.736
63 79.684
64 79.648
65 79.708
66 79.648
67 79.644
68 79.688
69 79.648
70 79.736
71 79.744
72 79.692
73 79.696
74 79.704
75 79.636
76 79.696
77 79.696
78 79.628
79 79.74
80 79.57600000000001
81 79.684
82 79.752
83 79.72
84 79.664
85 79.708
86 79.668
87 79.62400000000001
88 79.684
89 79.684
91 79.756
92 79.736
93 79.684
94 79.66
95 79.712
96 79.676
97 79.672
98 79.628
99 79.672
100 79.65599999999999
