25 80.364
26 80.496
27 80.324
29 80.308
30 80.428
31 80.24
32 80.396
33 80.4
34 80.308
35 80.308
36 80.36
37 80.424
38 80.4
39 80.35600000000001
40 80.44
41 80.348
42 80.344
43 80.268
44 80.396
45 80.28
46 80.432
47 80.36
48 80.352
49 80.296
50 80.38
51 80.35600000000001
52 80.468
53 80.488
54 80.53200000000001
55 80.296
57 80.50399999999999
58 80.392
59 80.384
60 80.452
61 80.392
62 80.41199999999999
63 80.416
64 80.416
65 80.396
66 80.476
67 80.46
68 80.432
69 80.36
70 80.468
71 80.416
72 80.46
73 80.496
74 80.44
75 80.468
76 80.284
77 80.452
78 80.34
79 80.44
80 80.41199999999999
81 80.41199999999999
82 80.396
83 80.396
84 80.376
85 80.448
86 80.376
87 80.416
88 80.348
89 80.404
90 80.44
91 80.396
92 80.432
93 80.432
94 80.508
95 80.42
96 80.428
97 80.408
98 80.452
99 80.42
100 80.4
1 78.012
2 79.02799999999999
3 79.62
4 80.024
5 79.908
6 80.0
8 79.944
9 80.056
10 80.12
11 80.208
15 80.036
16 80.06400000000001
18 80.18
19 80.06
20 79.976
21 80.184
22 80.052
23 80.08800000000001
24 80.1
25 80.056
26 80.196
27 80.096
29 80.128
30 80.216
31 80.12
32 80.24
33 80.16799999999999
34 80.196
35 80.192
36 80.24799999999999
37 80.032
38 80.144
39 80.2
40 80.136
41 80.08
42 80.3
43 80.244
44 80.224
45 80.28800000000001
46 80.14
47 80.14
48 80.06400000000001
49 80.052
50 80.188
51 80.176
52 80.22
53 80.16
54 80.208
55 80.23599999999999
57 80.23599999999999
58 80.25999999999999
59 80.24799999999999
60 80.25999999999999
61 80.23599999999999
62 80.084
63 80.276
64 80.25999999999999
65 80.2
66 80.32000000000001
67 80.31200000000001
68 80.164
69 80.204
70 80.14
71 80.296
72 80.192
73 80.184
74 80.28
75 80.28
76 80.216
77 80.192
78 80.264
79 80.244
80 80.24
81 80.16799999999999
82 80.284
83 80.25999999999999
84 80.272
85 80.204
86 80.24799999999999
87 80.252
88 80.264
89 80.292
90 80.284
91 80.24799999999999
92 80.244
93 80.24799999999999
94 80.2
95 80.228
96 80.28
97 80.272
98 80.244
99 80.264
100 80.272
